22.714655
33.233627
38.521440
41.037575
42.087025
42.362187
42.230403
41.886540
41.433942
40.927396
40.395917
39.854854
39.312297
38.772491
38.237638
37.708860
37.186703
36.671410
36.163063
35.661660
35.167155
34.679479
34.198552
33.724286
33.256593
32.795386
32.340573
31.892069
31.449784
31.013634
30.583533
30.159398
29.741145
29.328693
28.921961
28.520871
28.125344
27.735303
27.350671
26.971374
26.597338
26.228490
25.864757
25.506069
25.152356
24.803548
24.459579
24.120380
23.785885
23.456030
23.130750
22.809981
22.493661
22.181728
21.874121
21.570781
21.271647
20.976662
20.685769
20.398910
20.116029
19.837072
19.561984
19.290711
19.023200
18.759399
18.499257
18.242723
17.989746
17.740278
17.494270
17.251674
17.012442
16.776528
16.543886
16.314471
16.088237
15.865141
15.645139
15.428188
15.214245
15.003270
14.795221
14.590057
14.387738
14.188226
13.991480
13.797463
13.606136
13.417463
13.231406
13.047930
12.866998
12.688576
12.512628
12.339120
12.168018
11.999289
11.832901
11.668819
11.507013
11.347451
11.190102
11.034935
10.881920
10.731027
10.582227
10.435490
10.290788
10.148093
10.007376
9.868612
9.731771
9.596828
9.463757
9.332531
9.203124
9.075513
8.949671
8.825574
8.703198
8.582519
8.463514
8.346159
8.230432
8.116309
8.003769
7.892789
7.783349
7.675426
7.569000
7.464050
7.360555
7.258495
7.157851
7.058602
6.960730
6.864215
6.769038
6.675181
6.582626
6.491354
6.401348
6.312590
6.225062
6.138749
6.053632
5.969696
5.886924
5.805299
5.724807
5.645430
5.567155
5.489964
5.413844
5.338780
5.264757
5.191760
5.119775
5.048789
4.978786
4.909755
4.841681
4.774550
4.708351
4.643070
4.578694
4.515210
4.452607
4.390872
4.329993
4.269958
4.210755
4.152374
4.094802
4.038028
3.982042
3.926832
3.872388
3.818698
3.765753
3.713542
3.662055
3.611282
3.561213
3.511839
3.463149
3.415134
3.367785
3.321092
3.275047
3.229640
3.184863
3.140707
3.097163
3.054223
3.011878
2.970121
2.928942
2.888335
2.848290
2.808801
2.769859
2.731457
2.693588
2.656244
2.619417
2.583102
2.547289
2.511974
2.477148
2.442805
2.408938
2.375540
2.342606
2.310128
2.278101
2.246518
2.215373
2.184659
2.154371
2.124504
2.095050
2.066005
2.037363
2.009117
1.981264
1.953796
1.926710
1.899998
1.873658
1.847682
1.822067
1.796807
1.771897
1.747332
1.723108
1.699220
1.675663
1.652433
1.629525
1.606934
1.584657
1.562688
1.541024
1.519661
1.498593
1.477818
1.457331
1.437128
1.417205
1.397558
1.378184
1.359078
1.340237
1.321657
1.303335
1.285267
1.267450
1.249879
1.232552
1.215466
1.198616
1.182000
1.165614
1.149455
1.133521
1.117807
1.102311
1.087030
1.071961
1.057101
1.042447
1.027996
1.013745
0.999692
0.985834
0.972168
0.958691
0.945401
0.932296
0.919372
0.906627
0.894059
0.881665
0.869444
0.857391
0.845506
0.833785
0.822227
0.810829
0.799589
0.788505
0.777575
0.766796
0.756167
0.745685
0.735348
0.725155
0.715102
0.705190
0.695414
0.685775
0.676269
0.666894
0.657650
0.648534
0.639544
0.630679
0.621936
0.613315
0.604813
0.596430
0.588162
0.580009
0.571969
0.564041
0.556223
0.548512
0.540909
0.533411
0.526018
0.518726
0.511536
0.504445
0.497453
0.490558
0.483758
0.477052
0.470440
0.463919
0.457488
0.451147
0.444893
0.438727
0.432645
0.426648
0.420735
0.414903
0.409152
0.403480
0.397888
0.392373
0.386934
0.381571
0.376282
0.371066
0.365923
0.360851
0.355849
0.350917
0.346053
0.341256
0.336526
0.331862
0.327262
0.322726
0.318253
0.313841
0.309491
0.305202
0.300971
0.296800
0.292686
0.288629
0.284629
0.280683
0.276793
0.272957
0.269173
0.265442
0.261763
0.258135
0.254557
0.251029
0.247550
0.244119
0.240735
0.237398
0.234108
0.230863
0.227663
0.224508
0.221396
0.218328
0.215302
0.212318
0.209375
0.206473
0.203611
0.200789
0.198006
0.195262
0.192556
0.189887
0.187255
0.184660
0.182100
0.179577
0.177088
0.174633
0.172213
0.169826
0.167472
0.165151
0.162862
0.160605
0.158379
0.156184
0.154019
0.151885
0.149780
0.147704
0.145657
0.143638
0.141647
0.139684
0.137748
0.135839
0.133957
0.132100
0.130269
0.128464
0.126683
0.124928
0.123196
0.121489
0.119805
0.118145
0.116507
0.114893
0.113300
0.111730
0.110182
0.108655
0.107149
0.105664
0.104200
0.102755
0.101331
0.099927
0.098542
0.097176
0.095830
0.094502
0.093192
0.091900
0.090627
0.089371
0.088132
0.086911
0.085706
0.084519
0.083347
0.082192
0.081053
0.079930
0.078822
0.077730
0.076653
0.075590
0.074543
0.073510
0.072491
0.071486
0.070496
0.069519
0.068555
0.067605
0.066669
0.065745
0.064833
0.063935
0.063049
0.062175
0.061314
0.060464
0.059626
0.058800
0.057985
0.057181
0.056389
0.055608
0.054837
0.054077
0.053328
0.052589
0.051860
0.051141
0.050432
0.049734
0.049044
0.048365
0.047695
0.047034
0.046382
0.045739
0.045105
0.044480
0.043864
0.043256
0.042657
0.042065
0.041483
0.040908
0.040341
0.039782
0.039231
0.038687
0.038151
0.037622
0.037101
0.036587
0.036080
0.035580
0.035087
0.034600
0.034121
0.033648
0.033182
0.032722
0.032269
0.031822
0.031381
0.030946
0.030517
0.030094
0.029677
0.029266
0.028860
0.028460
0.028066
0.027677
0.027294
0.026915
0.026542
0.026175
0.025812
0.025454
0.025102
0.024754
0.024411
0.024072
0.023739
0.023410
0.023086
0.022766
0.022450
0.022139
0.021832
0.021530
0.021232
0.020937
0.020647
0.020361
0.020079
0.019801
0.019526
0.019256
0.018989
0.018726
0.018466
0.018211
0.017958
0.017709
0.017464
0.017222
0.016983
0.016748
0.016516
0.016287
0.016062
0.015839
0.015620
0.015403
0.015190
0.014979
0.014772
0.014567
0.014365
0.014166
0.013970
0.013776
0.013585
0.013397
0.013212
0.013028
0.012848
0.012670
0.012494
0.012321
0.012151
0.011982
0.011816
0.011652
0.011491
0.011332
0.011175
0.011020
0.010867
0.010717
0.010568
0.010422
0.010277
0.010135
0.009995
0.009856
0.009720
0.009585
0.009452
0.009321
0.009192
0.009065
0.008939
0.008815
0.008693
0.008573
0.008454
0.008337
0.008221
0.008107
0.007995
0.007884
0.007775
0.007667
0.007561
0.007456
0.007353
0.007251
0.007151
0.007052
0.006954
0.006858
0.006763
0.006669
0.006576
0.006485
0.006395
0.006307
0.006219
0.006133
0.006048
0.005965
0.005882
0.005800
0.005720
0.005641
0.005563
0.005486
0.005410
0.005335
0.005261
0.005188
0.005116
0.005045
0.004975
0.004906
0.004838
0.004771
0.004705
0.004640
0.004576
0.004512
0.004450
0.004388
0.004327
0.004267
0.004208
0.004150
0.004093
0.004036
0.003980
0.003925
0.003870
0.003817
0.003764
0.003712
0.003660
0.003610
0.003560
0.003510
0.003462
0.003414
0.003366
0.003320
0.003274
0.003228
0.003184
0.003140
0.003096
0.003053
0.003011
0.002969
0.002928
0.002888
0.002848
0.002808
0.002769
0.002731
0.002693
0.002656
0.002619
0.002583
0.002547
0.002512
0.002477
0.002442
0.002409
0.002375
0.002342
0.002310
0.002278
0.002246
0.002215
0.002185
0.002154
0.002124
0.002095
0.002066
0.002037
0.002009
0.001981
0.001954
0.001927
0.001900
0.001874
0.001848
0.001822
0.001797
0.001772
0.001748
0.001723
0.001699
0.001676
0.001653
0.001630
0.001607
0.001585
0.001563
0.001541
0.001520
0.001499
0.001478
0.001458
0.001438
0.001418
0.001398
0.001379
0.001360
0.001341
0.001322
0.001304
0.001286
0.001268
0.001250
0.001233
0.001216
0.001199
0.001183
0.001166
0.001150
0.001134
0.001118
0.001103
0.001088
0.001073
0.001058
0.001043
0.001029
0.001014
0.001000
0.000986
0.000973
0.000959
0.000946
0.000933
0.000920
0.000907
0.000895
0.000882
0.000870
0.000858
0.000846
0.000834
0.000823
0.000811
0.000800
0.000789
0.000778
0.000767
0.000757
0.000746
0.000736
0.000726
0.000716
0.000706
0.000696
0.000686
0.000677
0.000667
0.000658
0.000649
0.000640
0.000631
0.000623
0.000614
0.000605
0.000597
0.000589
0.000581
0.000573
0.000565
0.000557
0.000549
0.000541
0.000534
0.000527
0.000519
0.000512
0.000505
0.000498
0.000491
0.000484
0.000478
0.000471
0.000464
0.000458
0.000452
0.000445
0.000439
0.000433
0.000427
0.000421
0.000415
0.000410
0.000404
0.000398
0.000393
0.000387
0.000382
0.000377
0.000372
0.000366
0.000361
0.000356
0.000351
0.000347
0.000342
0.000337
0.000332
0.000328
0.000323
0.000319
0.000314
0.000310
0.000306
0.000301
0.000297
0.000293
0.000289
0.000285
0.000281
0.000277
0.000273
0.000270
0.000266
0.000262
0.000259
0.000255
0.000251
0.000248
0.000245
0.000241
0.000238
0.000235
0.000231
0.000228
0.000225
0.000222
0.000219
0.000216
0.000213
0.000210
0.000207
0.000204
0.000201
0.000198
0.000196
0.000193
0.000190
0.000188
0.000185
0.000182
0.000180
0.000177
0.000175
0.000173
0.000170
0.000168
0.000165
0.000163
0.000161
0.000159
0.000156
0.000154
0.000152
0.000150
0.000148
0.000146
0.000144
0.000142
0.000140
0.000138
0.000136
0.000134
0.000132
0.000131
0.000129
0.000127
0.000125
0.000123
0.000122
0.000120
0.000118
0.000117
0.000115
0.000114
0.000112
0.000110
0.000109
0.000107
0.000106
0.000104
0.000103
0.000102
0.000100
0.000099
0.000097
0.000096
0.000095
0.000093
0.000092
0.000091
0.000090
0.000088
0.000087
0.000086
0.000085
0.000084
0.000082
0.000081
0.000080
0.000079
0.000078
0.000077
0.000076
0.000075
0.000074
0.000073
0.000072
0.000071
0.000070
0.000069
0.000068
0.000067
0.000066
0.000065
0.000064
0.000063
0.000062
0.000061
0.000061
0.000060
0.000059
0.000058
0.000057
0.000057
0.000056
0.000055
0.000054
0.000053
0.000053
0.000052
0.000051
0.000051
0.000050
0.000049
0.000048
0.000048
0.000047
0.000047
0.000046
0.000045
0.000045
0.000044
0.000043
0.000043
0.000042
0.000042
0.000041
