22.545018
33.166522
38.423732
40.881883
41.881364
42.122533
41.971303
41.618826
41.164936
40.661748
40.136445
39.603181
39.069301
38.538597
38.013002
37.493477
36.980480
36.474203
35.974702
35.481959
34.995924
34.516525
34.043682
33.577311
33.117327
32.663643
32.216174
31.774835
31.339543
30.910214
30.486768
30.069123
29.657200
29.250921
28.850208
28.454985
28.065176
27.680709
27.301509
26.927504
26.558623
26.194796
25.835954
25.482028
25.132951
24.788656
24.449079
24.114153
23.783817
23.458006
23.136659
22.819714
22.507112
22.198792
21.894697
21.594767
21.298947
21.007180
20.719410
20.435582
20.155643
19.879539
19.607217
19.338627
19.073716
18.812435
18.554733
18.300561
18.049872
17.802617
17.558749
17.318223
17.080992
16.847010
16.616234
16.388620
16.164124
15.942704
15.724317
15.508922
15.296477
15.086944
14.880280
14.676448
14.475409
14.277123
14.081554
13.888664
13.698417
13.510776
13.325705
13.143170
12.963136
12.785567
12.610432
12.437696
12.267326
12.099290
11.933556
11.770092
11.608868
11.449853
11.293016
11.138327
10.985758
10.835278
10.686860
10.540476
10.396096
10.253695
10.113244
9.974717
9.838088
9.703331
9.570420
9.439329
9.310034
9.182511
9.056734
8.932681
8.810327
8.689648
8.570624
8.453229
8.337443
8.223243
8.110607
7.999514
7.889943
7.781873
7.675284
7.570154
7.466465
7.364196
7.263328
7.163842
7.065719
6.968939
6.873486
6.779340
6.686484
6.594899
6.504570
6.415477
6.327605
6.240937
6.155456
6.071146
5.987991
5.905975
5.825082
5.745298
5.666606
5.588992
5.512442
5.436940
5.362472
5.289024
5.216583
5.145134
5.074663
5.005158
4.936605
4.868991
4.802303
4.736528
4.671655
4.607670
4.544562
4.482318
4.420927
4.360376
4.300655
4.241752
4.183656
4.126356
4.069841
4.014099
3.959121
3.904897
3.851415
3.798665
3.746639
3.695324
3.644713
3.594795
3.545561
3.497001
3.449106
3.401867
3.355276
3.309322
3.263998
3.219295
3.175204
3.131717
3.088826
3.046522
3.004797
2.963644
2.923055
2.883022
2.843537
2.804593
2.766182
2.728298
2.690932
2.654078
2.617729
2.581878
2.546518
2.511642
2.477244
2.443317
2.409855
2.376851
2.344299
2.312193
2.280527
2.249294
2.218489
2.188107
2.158140
2.128584
2.099432
2.070680
2.042322
2.014352
1.986765
1.959556
1.932720
1.906251
1.880145
1.854396
1.829000
1.803952
1.779247
1.754880
1.730847
1.707144
1.683764
1.660706
1.637962
1.615531
1.593406
1.571585
1.550063
1.528835
1.507898
1.487248
1.466880
1.446792
1.426979
1.407437
1.388162
1.369152
1.350402
1.331909
1.313669
1.295679
1.277935
1.260435
1.243174
1.226149
1.209358
1.192797
1.176462
1.160351
1.144461
1.128788
1.113330
1.098084
1.083047
1.068215
1.053587
1.039159
1.024929
1.010893
0.997050
0.983396
0.969929
0.956647
0.943547
0.930626
0.917882
0.905312
0.892915
0.880688
0.868628
0.856733
0.845001
0.833429
0.822017
0.810760
0.799658
0.788707
0.777907
0.767255
0.756748
0.746385
0.736165
0.726084
0.716141
0.706335
0.696662
0.687123
0.677713
0.668433
0.659280
0.650252
0.641348
0.632566
0.623904
0.615360
0.606934
0.598623
0.590426
0.582341
0.574367
0.566502
0.558745
0.551094
0.543547
0.536104
0.528763
0.521523
0.514382
0.507338
0.500391
0.493539
0.486781
0.480116
0.473542
0.467057
0.460662
0.454354
0.448133
0.441996
0.435944
0.429975
0.424087
0.418280
0.412553
0.406904
0.401332
0.395837
0.390417
0.385071
0.379798
0.374598
0.369469
0.364410
0.359420
0.354499
0.349645
0.344857
0.340135
0.335478
0.330884
0.326354
0.321885
0.317478
0.313131
0.308843
0.304614
0.300444
0.296330
0.292272
0.288270
0.284323
0.280430
0.276591
0.272804
0.269068
0.265384
0.261750
0.258167
0.254632
0.251145
0.247707
0.244315
0.240970
0.237670
0.234416
0.231207
0.228041
0.224919
0.221839
0.218802
0.215806
0.212851
0.209937
0.207062
0.204227
0.201431
0.198673
0.195953
0.193270
0.190624
0.188014
0.185440
0.182901
0.180397
0.177927
0.175491
0.173088
0.170718
0.168381
0.166075
0.163801
0.161559
0.159347
0.157165
0.155013
0.152891
0.150798
0.148733
0.146697
0.144688
0.142707
0.140753
0.138826
0.136926
0.135051
0.133202
0.131378
0.129580
0.127806
0.126056
0.124330
0.122628
0.120949
0.119293
0.117660
0.116049
0.114460
0.112893
0.111347
0.109823
0.108319
0.106836
0.105374
0.103931
0.102508
0.101105
0.099720
0.098355
0.097009
0.095681
0.094371
0.093079
0.091804
0.090547
0.089308
0.088085
0.086879
0.085690
0.084517
0.083360
0.082218
0.081093
0.079983
0.078888
0.077808
0.076742
0.075692
0.074656
0.073633
0.072625
0.071631
0.070650
0.069683
0.068729
0.067788
0.066860
0.065945
0.065042
0.064152
0.063274
0.062407
0.061553
0.060710
0.059879
0.059059
0.058251
0.057453
0.056667
0.055891
0.055126
0.054371
0.053627
0.052893
0.052169
0.051455
0.050750
0.050055
0.049370
0.048694
0.048028
0.047370
0.046722
0.046082
0.045451
0.044829
0.044215
0.043610
0.043013
0.042424
0.041844
0.041271
0.040706
0.040149
0.039599
0.039057
0.038522
0.037995
0.037475
0.036962
0.036456
0.035957
0.035464
0.034979
0.034500
0.034028
0.033562
0.033103
0.032649
0.032203
0.031762
0.031327
0.030898
0.030475
0.030058
0.029646
0.029241
0.028840
0.028446
0.028056
0.027672
0.027293
0.026920
0.026551
0.026188
0.025829
0.025476
0.025127
0.024783
0.024444
0.024109
0.023779
0.023454
0.023133
0.022816
0.022504
0.022196
0.021892
0.021592
0.021297
0.021005
0.020718
0.020434
0.020154
0.019878
0.019606
0.019338
0.019073
0.018812
0.018555
0.018301
0.018050
0.017803
0.017559
0.017319
0.017082
0.016848
0.016617
0.016390
0.016166
0.015944
0.015726
0.015511
0.015299
0.015089
0.014883
0.014679
0.014478
0.014280
0.014084
0.013892
0.013701
0.013514
0.013329
0.013146
0.012967
0.012789
0.012614
0.012441
0.012271
0.012103
0.011937
0.011774
0.011613
0.011454
0.011297
0.011142
0.010990
0.010840
0.010691
0.010545
0.010401
0.010258
0.010118
0.009979
0.009843
0.009708
0.009575
0.009444
0.009315
0.009187
0.009062
0.008937
0.008815
0.008695
0.008576
0.008458
0.008342
0.008228
0.008116
0.008004
0.007895
0.007787
0.007680
0.007575
0.007471
0.007369
0.007268
0.007169
0.007071
0.006974
0.006879
0.006784
0.006692
0.006600
0.006510
0.006421
0.006333
0.006246
0.006160
0.006076
0.005993
0.005911
0.005830
0.005750
0.005672
0.005594
0.005517
0.005442
0.005367
0.005294
0.005221
0.005150
0.005080
0.005010
0.004941
0.004874
0.004807
0.004741
0.004676
0.004612
0.004549
0.004487
0.004426
0.004365
0.004305
0.004246
0.004188
0.004131
0.004074
0.004019
0.003964
0.003909
0.003856
0.003803
0.003751
0.003700
0.003649
0.003599
0.003550
0.003501
0.003453
0.003406
0.003360
0.003314
0.003268
0.003223
0.003179
0.003136
0.003093
0.003051
0.003009
0.002968
0.002927
0.002887
0.002847
0.002809
0.002770
0.002732
0.002695
0.002658
0.002622
0.002586
0.002550
0.002515
0.002481
0.002447
0.002414
0.002380
0.002348
0.002316
0.002284
0.002253
0.002222
0.002192
0.002162
0.002132
0.002103
0.002074
0.002046
0.002018
0.001990
0.001963
0.001936
0.001909
0.001883
0.001858
0.001832
0.001807
0.001782
0.001758
0.001734
0.001710
0.001687
0.001664
0.001641
0.001618
0.001596
0.001574
0.001553
0.001532
0.001511
0.001490
0.001470
0.001450
0.001430
0.001410
0.001391
0.001372
0.001353
0.001335
0.001316
0.001298
0.001280
0.001263
0.001246
0.001229
0.001212
0.001195
0.001179
0.001163
0.001147
0.001131
0.001116
0.001100
0.001085
0.001070
0.001056
0.001041
0.001027
0.001013
0.000999
0.000986
0.000972
0.000959
0.000946
0.000933
0.000920
0.000907
0.000895
0.000883
0.000871
0.000859
0.000847
0.000835
0.000824
0.000813
0.000802
0.000791
0.000780
0.000769
0.000759
0.000748
0.000738
0.000728
0.000718
0.000708
0.000698
0.000689
0.000679
0.000670
0.000661
0.000652
0.000643
0.000634
0.000625
0.000617
0.000608
0.000600
0.000592
0.000584
0.000576
0.000568
0.000560
0.000553
0.000545
0.000538
0.000530
0.000523
0.000516
0.000509
0.000502
0.000495
0.000488
0.000481
0.000475
0.000468
0.000462
0.000456
0.000449
0.000443
0.000437
0.000431
0.000425
0.000419
0.000414
0.000408
0.000402
0.000397
0.000392
0.000386
0.000381
0.000376
0.000371
0.000365
0.000360
0.000356
0.000351
0.000346
0.000341
0.000336
0.000332
0.000327
0.000323
0.000318
0.000314
0.000310
0.000306
0.000301
0.000297
0.000293
0.000289
0.000285
0.000281
0.000277
0.000274
0.000270
0.000266
0.000263
0.000259
0.000255
0.000252
0.000248
0.000245
0.000242
0.000238
0.000235
0.000232
0.000229
0.000226
0.000223
0.000220
0.000217
0.000214
0.000211
0.000208
0.000205
0.000202
0.000199
0.000197
0.000194
0.000191
0.000189
0.000186
0.000184
0.000181
0.000179
0.000176
0.000174
0.000171
0.000169
0.000167
0.000164
0.000162
0.000160
0.000158
0.000156
0.000153
0.000151
0.000149
0.000147
0.000145
0.000143
0.000141
0.000139
0.000137
0.000136
0.000134
0.000132
0.000130
0.000128
0.000127
0.000125
0.000123
0.000121
0.000120
0.000118
0.000116
0.000115
0.000113
0.000112
0.000110
0.000109
0.000107
0.000106
0.000104
0.000103
0.000101
0.000100
0.000099
0.000097
0.000096
0.000095
0.000093
0.000092
0.000091
0.000090
0.000088
0.000087
0.000086
0.000085
0.000084
0.000083
0.000081
0.000080
0.000079
0.000078
0.000077
0.000076
0.000075
0.000074
0.000073
0.000072
0.000071
0.000070
0.000069
0.000068
0.000067
0.000066
0.000065
0.000064
0.000064
0.000063
0.000062
0.000061
0.000060
0.000059
0.000058
0.000058
0.000057
0.000056
0.000055
0.000055
0.000054
0.000053
0.000052
0.000052
0.000051
0.000050
0.000050
0.000049
0.000048
