22.376932
33.095860
38.319786
40.719887
41.670725
41.879606
41.710466
41.350538
40.896124
40.396729
39.877783
39.352322
38.827007
38.305217
37.788646
37.278119
36.774015
36.276484
35.785559
35.301213
34.823391
34.352019
33.887020
33.428311
32.975810
32.529434
32.089100
31.654727
31.226234
30.803542
30.386572
29.975247
29.569491
29.169227
28.774382
28.384883
28.000656
27.621631
27.247737
26.878905
26.515066
26.156152
25.802097
25.452836
25.108302
24.768433
24.433164
24.102434
23.776182
23.454346
23.136867
22.823686
22.514744
22.209985
21.909351
21.612787
21.320238
21.031649
20.746967
20.466139
20.189112
19.915836
19.646259
19.380331
19.118003
18.859226
18.603953
18.352135
18.103726
17.858679
17.616950
17.378493
17.143265
16.911220
16.682317
16.456512
16.233764
16.014032
15.797273
15.583450
15.372520
15.164446
14.959189
14.756710
14.556972
14.359938
14.165571
13.973835
13.784695
13.598114
13.414060
13.232497
13.053392
12.876711
12.702422
12.530493
12.360890
12.193584
12.028542
11.865734
11.705130
11.546701
11.390415
11.236246
11.084163
10.934139
10.786145
10.640155
10.496141
10.354077
10.213935
10.075691
9.939318
9.804790
9.672084
9.541174
9.412037
9.284647
9.158981
9.035017
8.912730
8.792099
8.673101
8.555714
8.439915
8.325684
8.212999
8.101840
7.992185
7.884014
7.777308
7.672046
7.568208
7.465777
7.364731
7.265054
7.166726
7.069728
6.974044
6.879655
6.786543
6.694692
6.604084
6.514702
6.426531
6.339552
6.253751
6.169112
6.085618
6.003254
5.922005
5.841856
5.762792
5.684797
5.607859
5.531962
5.457092
5.383236
5.310379
5.238508
5.167610
5.097672
5.028681
4.960623
4.893487
4.827259
4.761927
4.697480
4.633905
4.571191
4.509326
4.448297
4.388095
4.328708
4.270125
4.212334
4.155326
4.099089
4.043614
3.988889
3.934905
3.881652
3.829119
3.777298
3.726177
3.675749
3.626004
3.576931
3.528523
3.480770
3.433663
3.387194
3.341354
3.296134
3.251527
3.207523
3.164115
3.121294
3.079052
3.037383
2.996277
2.955728
2.915728
2.876269
2.837344
2.798946
2.761067
2.723702
2.686841
2.650480
2.614611
2.579228
2.544323
2.509891
2.475925
2.442418
2.409365
2.376759
2.344595
2.312866
2.281566
2.250690
2.220232
2.190186
2.160547
2.131309
2.102466
2.074014
2.045947
2.018260
1.990948
1.964005
1.937427
1.911208
1.885345
1.859831
1.834663
1.809835
1.785344
1.761184
1.737351
1.713840
1.690647
1.667769
1.645200
1.622937
1.600974
1.579310
1.557938
1.536855
1.516058
1.495542
1.475304
1.455340
1.435646
1.416219
1.397054
1.378149
1.359500
1.341103
1.322955
1.305053
1.287393
1.269972
1.252786
1.235834
1.219110
1.202613
1.186340
1.170286
1.154450
1.138828
1.123418
1.108216
1.093220
1.078426
1.063833
1.049438
1.035237
1.021228
1.007409
0.993778
0.980330
0.967065
0.953979
0.941070
0.928335
0.915774
0.903382
0.891158
0.879099
0.867203
0.855469
0.843893
0.832474
0.821209
0.810097
0.799135
0.788322
0.777655
0.767132
0.756752
0.746512
0.736411
0.726446
0.716616
0.706920
0.697354
0.687918
0.678610
0.669428
0.660369
0.651434
0.642619
0.633924
0.625346
0.616885
0.608538
0.600303
0.592181
0.584168
0.576264
0.568466
0.560774
0.553187
0.545701
0.538318
0.531034
0.523848
0.516760
0.509768
0.502871
0.496066
0.489354
0.482733
0.476201
0.469758
0.463402
0.457132
0.450946
0.444845
0.438826
0.432888
0.427031
0.421253
0.415553
0.409931
0.404384
0.398912
0.393515
0.388191
0.382938
0.377757
0.372646
0.367604
0.362630
0.357723
0.352883
0.348109
0.343399
0.338752
0.334169
0.329648
0.325187
0.320788
0.316447
0.312166
0.307942
0.303776
0.299666
0.295611
0.291611
0.287666
0.283774
0.279934
0.276147
0.272411
0.268725
0.265089
0.261502
0.257964
0.254474
0.251031
0.247635
0.244284
0.240979
0.237719
0.234502
0.231330
0.228200
0.225112
0.222067
0.219062
0.216098
0.213175
0.210291
0.207445
0.204639
0.201870
0.199139
0.196445
0.193787
0.191165
0.188579
0.186027
0.183510
0.181028
0.178578
0.176162
0.173779
0.171428
0.169109
0.166821
0.164564
0.162337
0.160141
0.157974
0.155837
0.153729
0.151649
0.149597
0.147573
0.145577
0.143607
0.141664
0.139748
0.137857
0.135992
0.134152
0.132337
0.130547
0.128781
0.127039
0.125320
0.123624
0.121952
0.120302
0.118675
0.117069
0.115485
0.113923
0.112382
0.110861
0.109361
0.107882
0.106422
0.104983
0.103562
0.102161
0.100779
0.099416
0.098071
0.096744
0.095435
0.094144
0.092871
0.091614
0.090375
0.089152
0.087946
0.086756
0.085583
0.084425
0.083283
0.082156
0.081045
0.079948
0.078867
0.077800
0.076747
0.075709
0.074685
0.073674
0.072678
0.071695
0.070725
0.069768
0.068824
0.067893
0.066975
0.066068
0.065175
0.064293
0.063423
0.062565
0.061719
0.060884
0.060060
0.059248
0.058446
0.057656
0.056876
0.056106
0.055347
0.054599
0.053860
0.053131
0.052413
0.051704
0.051004
0.050314
0.049634
0.048962
0.048300
0.047646
0.047002
0.046366
0.045739
0.045120
0.044510
0.043908
0.043314
0.042728
0.042150
0.041580
0.041017
0.040462
0.039915
0.039375
0.038842
0.038317
0.037799
0.037287
0.036783
0.036285
0.035794
0.035310
0.034833
0.034361
0.033897
0.033438
0.032986
0.032540
0.032099
0.031665
0.031237
0.030814
0.030398
0.029986
0.029581
0.029181
0.028786
0.028396
0.028012
0.027633
0.027260
0.026891
0.026527
0.026168
0.025814
0.025465
0.025121
0.024781
0.024446
0.024115
0.023789
0.023467
0.023150
0.022836
0.022528
0.022223
0.021922
0.021626
0.021333
0.021045
0.020760
0.020479
0.020202
0.019929
0.019659
0.019393
0.019131
0.018872
0.018617
0.018365
0.018117
0.017872
0.017630
0.017392
0.017156
0.016924
0.016695
0.016469
0.016247
0.016027
0.015810
0.015596
0.015385
0.015177
0.014972
0.014769
0.014570
0.014373
0.014178
0.013986
0.013797
0.013611
0.013427
0.013245
0.013066
0.012889
0.012715
0.012543
0.012373
0.012206
0.012041
0.011878
0.011717
0.011559
0.011402
0.011248
0.011096
0.010946
0.010798
0.010652
0.010508
0.010366
0.010225
0.010087
0.009951
0.009816
0.009683
0.009552
0.009423
0.009296
0.009170
0.009046
0.008924
0.008803
0.008684
0.008566
0.008450
0.008336
0.008223
0.008112
0.008003
0.007894
0.007787
0.007682
0.007578
0.007476
0.007375
0.007275
0.007177
0.007079
0.006984
0.006889
0.006796
0.006704
0.006613
0.006524
0.006436
0.006349
0.006263
0.006178
0.006095
0.006012
0.005931
0.005851
0.005772
0.005693
0.005616
0.005541
0.005466
0.005392
0.005319
0.005247
0.005176
0.005106
0.005037
0.004969
0.004901
0.004835
0.004770
0.004705
0.004642
0.004579
0.004517
0.004456
0.004396
0.004336
0.004277
0.004220
0.004163
0.004106
0.004051
0.003996
0.003942
0.003889
0.003836
0.003784
0.003733
0.003682
0.003633
0.003584
0.003535
0.003487
0.003440
0.003394
0.003348
0.003302
0.003258
0.003214
0.003170
0.003127
0.003085
0.003043
0.003002
0.002962
0.002922
0.002882
0.002843
0.002805
0.002767
0.002729
0.002692
0.002656
0.002620
0.002585
0.002550
0.002515
0.002481
0.002448
0.002414
0.002382
0.002350
0.002318
0.002286
0.002256
0.002225
0.002195
0.002165
0.002136
0.002107
0.002079
0.002051
0.002023
0.001995
0.001968
0.001942
0.001916
0.001890
0.001864
0.001839
0.001814
0.001789
0.001765
0.001741
0.001718
0.001695
0.001672
0.001649
0.001627
0.001605
0.001583
0.001562
0.001541
0.001520
0.001499
0.001479
0.001459
0.001439
0.001420
0.001401
0.001382
0.001363
0.001344
0.001326
0.001308
0.001291
0.001273
0.001256
0.001239
0.001222
0.001206
0.001189
0.001173
0.001157
0.001142
0.001126
0.001111
0.001096
0.001081
0.001067
0.001052
0.001038
0.001024
0.001010
0.000996
0.000983
0.000970
0.000957
0.000944
0.000931
0.000918
0.000906
0.000894
0.000882
0.000870
0.000858
0.000846
0.000835
0.000824
0.000812
0.000801
0.000791
0.000780
0.000769
0.000759
0.000749
0.000739
0.000729
0.000719
0.000709
0.000699
0.000690
0.000681
0.000671
0.000662
0.000653
0.000645
0.000636
0.000627
0.000619
0.000610
0.000602
0.000594
0.000586
0.000578
0.000570
0.000563
0.000555
0.000547
0.000540
0.000533
0.000526
0.000518
0.000511
0.000504
0.000498
0.000491
0.000484
0.000478
0.000471
0.000465
0.000459
0.000452
0.000446
0.000440
0.000434
0.000428
0.000423
0.000417
0.000411
0.000406
0.000400
0.000395
0.000389
0.000384
0.000379
0.000374
0.000369
0.000364
0.000359
0.000354
0.000349
0.000345
0.000340
0.000335
0.000331
0.000326
0.000322
0.000318
0.000313
0.000309
0.000305
0.000301
0.000297
0.000293
0.000289
0.000285
0.000281
0.000277
0.000273
0.000270
0.000266
0.000262
0.000259
0.000255
0.000252
0.000249
0.000245
0.000242
0.000239
0.000235
0.000232
0.000229
0.000226
0.000223
0.000220
0.000217
0.000214
0.000211
0.000208
0.000205
0.000203
0.000200
0.000197
0.000195
0.000192
0.000189
0.000187
0.000184
0.000182
0.000179
0.000177
0.000174
0.000172
0.000170
0.000167
0.000165
0.000163
0.000161
0.000159
0.000156
0.000154
0.000152
0.000150
0.000148
0.000146
0.000144
0.000142
0.000140
0.000138
0.000137
0.000135
0.000133
0.000131
0.000129
0.000128
0.000126
0.000124
0.000122
0.000121
0.000119
0.000118
0.000116
0.000114
0.000113
0.000111
0.000110
0.000108
0.000107
0.000105
0.000104
0.000103
0.000101
0.000100
0.000098
0.000097
0.000096
0.000095
0.000093
0.000092
0.000091
0.000090
0.000088
0.000087
0.000086
0.000085
0.000084
0.000083
0.000081
0.000080
0.000079
0.000078
0.000077
0.000076
0.000075
0.000074
0.000073
0.000072
0.000071
0.000070
0.000069
0.000068
0.000067
0.000066
0.000065
0.000065
0.000064
0.000063
0.000062
0.000061
0.000060
0.000060
0.000059
0.000058
0.000057
0.000056
