22.210394
33.021795
38.209967
40.552096
41.455650
41.633907
41.448313
41.082006
40.627755
40.132525
39.620074
39.102392
38.585512
38.072444
37.564667
37.062887
36.567418
36.078373
35.595768
35.119569
34.649715
34.186134
33.728749
33.277481
32.832250
32.392975
31.959577
31.531979
31.110101
30.693869
30.283206
29.878038
29.478292
29.083894
28.694774
28.310860
27.932083
27.558374
27.189666
26.825891
26.466984
26.112879
25.763512
25.418820
25.078739
24.743210
24.412169
24.085559
23.763318
23.445389
23.131714
22.822236
22.516899
22.215647
21.918426
21.625182
21.335862
21.050413
20.768783
20.490921
20.216777
19.946302
19.679445
19.416159
19.156395
18.900107
18.647249
18.397773
18.151636
17.908792
17.669197
17.432807
17.199581
16.969475
16.742448
16.518459
16.297466
16.079431
15.864312
15.652072
15.442672
15.236073
15.032239
14.831131
14.632715
14.436953
14.243811
14.053252
13.865243
13.679750
13.496739
13.316176
13.138029
12.962265
12.788853
12.617762
12.448959
12.282415
12.118099
11.955982
11.796033
11.638225
11.482528
11.328914
11.177356
11.027825
10.880294
10.734738
10.591129
10.449442
10.309650
10.171728
10.035652
9.901396
9.768936
9.638249
9.509310
9.382096
9.256585
9.132752
9.010576
8.890035
8.771107
8.653770
8.538002
8.423783
8.311093
8.199910
8.090215
7.981987
7.875207
7.769856
7.665915
7.563364
7.462185
7.362359
7.263869
7.166697
7.070825
6.976235
6.882911
6.790836
6.699992
6.610364
6.521935
6.434689
6.348610
6.263683
6.179892
6.097222
6.015658
5.935185
5.855789
5.777455
5.700169
5.623917
5.548685
5.474459
5.401227
5.328974
5.257688
5.187356
5.117964
5.049501
4.981954
4.915310
4.849558
4.784686
4.720682
4.657533
4.595230
4.533760
4.473113
4.413276
4.354241
4.295995
4.238528
4.181830
4.125891
4.070700
4.016247
3.962523
3.909518
3.857221
3.805625
3.754718
3.704493
3.654939
3.606048
3.557812
3.510220
3.463266
3.416939
3.371233
3.326137
3.281645
3.237749
3.194439
3.151709
3.109550
3.067956
3.026918
2.986429
2.946481
2.907068
2.868182
2.829817
2.791964
2.754618
2.717772
2.681418
2.645551
2.610164
2.575250
2.540803
2.506817
2.473285
2.440202
2.407562
2.375358
2.343585
2.312237
2.281309
2.250794
2.220687
2.190984
2.161677
2.132763
2.104235
2.076089
2.048319
2.020921
1.993890
1.967220
1.940907
1.914946
1.889332
1.864061
1.839127
1.814528
1.790257
1.766311
1.742686
1.719376
1.696378
1.673688
1.651301
1.629214
1.607423
1.585923
1.564710
1.543781
1.523132
1.502760
1.482660
1.462828
1.443262
1.423958
1.404912
1.386121
1.367581
1.349289
1.331242
1.313436
1.295868
1.278536
1.261435
1.244563
1.227917
1.211493
1.195289
1.179302
1.163529
1.147966
1.132612
1.117463
1.102517
1.087771
1.073222
1.058867
1.044705
1.030732
1.016946
1.003344
0.989925
0.976684
0.963621
0.950733
0.938017
0.925471
0.913093
0.900881
0.888832
0.876944
0.865215
0.853643
0.842225
0.830961
0.819847
0.808882
0.798063
0.787389
0.776858
0.766468
0.756217
0.746103
0.736124
0.726279
0.716565
0.706981
0.697526
0.688197
0.678992
0.669911
0.660951
0.652112
0.643390
0.634785
0.626295
0.617919
0.609655
0.601501
0.593456
0.585519
0.577688
0.569962
0.562339
0.554818
0.547398
0.540077
0.532854
0.525728
0.518696
0.511759
0.504915
0.498162
0.491500
0.484926
0.478441
0.472042
0.465729
0.459500
0.453355
0.447292
0.441310
0.435408
0.429585
0.423840
0.418171
0.412579
0.407061
0.401617
0.396246
0.390946
0.385718
0.380559
0.375470
0.370449
0.365494
0.360606
0.355784
0.351025
0.346331
0.341699
0.337130
0.332621
0.328173
0.323784
0.319454
0.315181
0.310966
0.306808
0.302704
0.298656
0.294662
0.290722
0.286834
0.282998
0.279213
0.275479
0.271795
0.268160
0.264574
0.261036
0.257545
0.254101
0.250702
0.247350
0.244042
0.240778
0.237558
0.234381
0.231247
0.228154
0.225103
0.222093
0.219123
0.216193
0.213301
0.210449
0.207635
0.204858
0.202118
0.199415
0.196749
0.194118
0.191522
0.188960
0.186434
0.183940
0.181481
0.179054
0.176659
0.174297
0.171966
0.169666
0.167397
0.165159
0.162950
0.160771
0.158621
0.156500
0.154407
0.152342
0.150305
0.148295
0.146312
0.144356
0.142425
0.140521
0.138641
0.136787
0.134958
0.133154
0.131373
0.129616
0.127883
0.126173
0.124486
0.122821
0.121178
0.119558
0.117959
0.116382
0.114826
0.113290
0.111775
0.110280
0.108806
0.107351
0.105915
0.104499
0.103102
0.101723
0.100363
0.099021
0.097697
0.096390
0.095101
0.093829
0.092575
0.091337
0.090116
0.088910
0.087722
0.086549
0.085391
0.084249
0.083123
0.082011
0.080915
0.079833
0.078765
0.077712
0.076673
0.075648
0.074636
0.073638
0.072653
0.071682
0.070723
0.069778
0.068845
0.067924
0.067016
0.066120
0.065236
0.064363
0.063503
0.062654
0.061816
0.060989
0.060174
0.059369
0.058575
0.057792
0.057019
0.056257
0.055505
0.054762
0.054030
0.053308
0.052595
0.051892
0.051198
0.050513
0.049838
0.049171
0.048514
0.047865
0.047225
0.046594
0.045971
0.045356
0.044750
0.044151
0.043561
0.042978
0.042404
0.041837
0.041277
0.040725
0.040181
0.039644
0.039114
0.038591
0.038075
0.037566
0.037063
0.036568
0.036079
0.035596
0.035120
0.034651
0.034187
0.033730
0.033279
0.032834
0.032395
0.031962
0.031535
0.031113
0.030697
0.030287
0.029882
0.029482
0.029088
0.028699
0.028315
0.027937
0.027563
0.027195
0.026831
0.026472
0.026118
0.025769
0.025425
0.025085
0.024749
0.024418
0.024092
0.023770
0.023452
0.023139
0.022829
0.022524
0.022223
0.021926
0.021632
0.021343
0.021058
0.020776
0.020499
0.020224
0.019954
0.019687
0.019424
0.019164
0.018908
0.018655
0.018406
0.018160
0.017917
0.017677
0.017441
0.017208
0.016978
0.016751
0.016527
0.016306
0.016088
0.015873
0.015661
0.015451
0.015245
0.015041
0.014840
0.014641
0.014446
0.014252
0.014062
0.013874
0.013688
0.013505
0.013325
0.013147
0.012971
0.012798
0.012626
0.012458
0.012291
0.012127
0.011965
0.011805
0.011647
0.011491
0.011337
0.011186
0.011036
0.010889
0.010743
0.010600
0.010458
0.010318
0.010180
0.010044
0.009910
0.009777
0.009647
0.009518
0.009390
0.009265
0.009141
0.009019
0.008898
0.008779
0.008662
0.008546
0.008432
0.008319
0.008208
0.008098
0.007990
0.007883
0.007778
0.007674
0.007571
0.007470
0.007370
0.007271
0.007174
0.007078
0.006984
0.006890
0.006798
0.006707
0.006618
0.006529
0.006442
0.006356
0.006271
0.006187
0.006104
0.006023
0.005942
0.005863
0.005784
0.005707
0.005631
0.005555
0.005481
0.005408
0.005336
0.005264
0.005194
0.005124
0.005056
0.004988
0.004922
0.004856
0.004791
0.004727
0.004664
0.004601
0.004540
0.004479
0.004419
0.004360
0.004302
0.004244
0.004188
0.004132
0.004076
0.004022
0.003968
0.003915
0.003863
0.003811
0.003760
0.003710
0.003660
0.003611
0.003563
0.003516
0.003469
0.003422
0.003376
0.003331
0.003287
0.003243
0.003199
0.003157
0.003115
0.003073
0.003032
0.002991
0.002951
0.002912
0.002873
0.002834
0.002797
0.002759
0.002722
0.002686
0.002650
0.002615
0.002580
0.002545
0.002511
0.002478
0.002444
0.002412
0.002380
0.002348
0.002316
0.002285
0.002255
0.002225
0.002195
0.002166
0.002137
0.002108
0.002080
0.002052
0.002025
0.001998
0.001971
0.001945
0.001919
0.001893
0.001868
0.001843
0.001818
0.001794
0.001770
0.001746
0.001723
0.001700
0.001677
0.001655
0.001632
0.001611
0.001589
0.001568
0.001547
0.001526
0.001506
0.001486
0.001466
0.001446
0.001427
0.001408
0.001389
0.001370
0.001352
0.001334
0.001316
0.001299
0.001281
0.001264
0.001247
0.001231
0.001214
0.001198
0.001182
0.001166
0.001151
0.001135
0.001120
0.001105
0.001090
0.001076
0.001061
0.001047
0.001033
0.001019
0.001006
0.000992
0.000979
0.000966
0.000953
0.000940
0.000928
0.000915
0.000903
0.000891
0.000879
0.000867
0.000856
0.000844
0.000833
0.000822
0.000811
0.000800
0.000789
0.000779
0.000768
0.000758
0.000748
0.000738
0.000728
0.000718
0.000709
0.000699
0.000690
0.000681
0.000672
0.000663
0.000654
0.000645
0.000636
0.000628
0.000620
0.000611
0.000603
0.000595
0.000587
0.000579
0.000571
0.000564
0.000556
0.000549
0.000542
0.000534
0.000527
0.000520
0.000513
0.000506
0.000500
0.000493
0.000486
0.000480
0.000473
0.000467
0.000461
0.000455
0.000449
0.000443
0.000437
0.000431
0.000425
0.000419
0.000414
0.000408
0.000403
0.000397
0.000392
0.000387
0.000382
0.000377
0.000372
0.000367
0.000362
0.000357
0.000352
0.000347
0.000343
0.000338
0.000334
0.000329
0.000325
0.000320
0.000316
0.000312
0.000308
0.000304
0.000300
0.000296
0.000292
0.000288
0.000284
0.000280
0.000276
0.000273
0.000269
0.000265
0.000262
0.000258
0.000255
0.000252
0.000248
0.000245
0.000242
0.000238
0.000235
0.000232
0.000229
0.000226
0.000223
0.000220
0.000217
0.000214
0.000211
0.000208
0.000206
0.000203
0.000200
0.000197
0.000195
0.000192
0.000190
0.000187
0.000185
0.000182
0.000180
0.000177
0.000175
0.000173
0.000170
0.000168
0.000166
0.000164
0.000161
0.000159
0.000157
0.000155
0.000153
0.000151
0.000149
0.000147
0.000145
0.000143
0.000141
0.000139
0.000137
0.000135
0.000134
0.000132
0.000130
0.000128
0.000127
0.000125
0.000123
0.000122
0.000120
0.000118
0.000117
0.000115
0.000114
0.000112
0.000111
0.000109
0.000108
0.000106
0.000105
0.000103
0.000102
0.000101
0.000099
0.000098
0.000097
0.000095
0.000094
0.000093
0.000092
0.000090
0.000089
0.000088
0.000087
0.000086
0.000085
0.000083
0.000082
0.000081
0.000080
0.000079
0.000078
0.000077
0.000076
0.000075
0.000074
0.000073
0.000072
0.000071
0.000070
0.000069
0.000068
0.000067
0.000066
0.000065
