22.045402
32.944479
38.094627
40.378984
41.236643
41.385892
41.185220
40.813522
40.360047
39.869297
39.363438
38.853489
38.344904
37.840361
37.341152
36.847877
36.360794
35.879987
35.405458
34.937165
34.475046
34.019030
33.569041
33.125003
32.686837
32.254467
31.827817
31.406811
30.991374
30.581433
30.176914
29.777747
29.383861
28.995185
28.611650
28.233190
27.859736
27.491222
27.127583
26.768754
26.414673
26.065275
25.720500
25.380285
25.044571
24.713298
24.386407
24.063840
23.745541
23.431452
23.121518
22.815684
22.513895
22.216099
21.922242
21.632273
21.346139
21.063790
20.785177
20.510249
20.238957
19.971255
19.707093
19.446427
19.189208
18.935392
18.684933
18.437787
18.193911
17.953261
17.715794
17.481468
17.250243
17.022075
16.796926
16.574755
16.355524
16.139192
15.925721
15.715075
15.507215
15.302104
15.099707
14.899987
14.702909
14.508438
14.316539
14.127179
13.940323
13.755940
13.573995
13.394457
13.217294
13.042474
12.869967
12.699741
12.531768
12.366016
12.202457
12.041061
11.881800
11.724646
11.569571
11.416547
11.265547
11.116544
10.969512
10.824425
10.681258
10.539984
10.400579
10.263017
10.127276
9.993330
9.861155
9.730729
9.602028
9.475030
9.349711
9.226050
9.104025
8.983614
8.864796
8.747549
8.631853
8.517687
8.405032
8.293866
8.184171
8.075927
7.969115
7.863715
7.759710
7.657081
7.555808
7.455876
7.357265
7.259959
7.163939
7.069190
6.975694
6.883435
6.792395
6.702561
6.613914
6.526440
6.440123
6.354947
6.270899
6.187961
6.106121
6.025364
5.945674
5.867039
5.789444
5.712875
5.637318
5.562762
5.489191
5.416593
5.344956
5.274266
5.204511
5.135679
5.067757
5.000734
4.934597
4.869335
4.804936
4.741389
4.678682
4.616805
4.555746
4.495495
4.436040
4.377372
4.319480
4.262354
4.205983
4.150358
4.095469
4.041305
3.987858
3.935118
3.883075
3.831721
3.781046
3.731041
3.681698
3.633007
3.584960
3.537549
3.490765
3.444599
3.399045
3.354092
3.309734
3.265963
3.222771
3.180150
3.138093
3.096592
3.055640
3.015230
2.975354
2.936005
2.897177
2.858862
2.821054
2.783747
2.746932
2.710605
2.674758
2.639385
2.604480
2.570036
2.536048
2.502510
2.469415
2.436758
2.404533
2.372734
2.341356
2.310392
2.279838
2.249689
2.219938
2.190580
2.161611
2.133025
2.104817
2.076982
2.049515
2.022411
1.995666
1.969275
1.943232
1.917534
1.892176
1.867153
1.842462
1.818096
1.794053
1.770328
1.746917
1.723816
1.701019
1.678525
1.656328
1.634424
1.612810
1.591482
1.570436
1.549669
1.529176
1.508954
1.489000
1.469309
1.449879
1.430706
1.411786
1.393117
1.374694
1.356515
1.338577
1.320876
1.303408
1.286172
1.269164
1.252381
1.235820
1.219477
1.203351
1.187438
1.171736
1.156241
1.140951
1.125864
1.110976
1.096285
1.081788
1.067482
1.053366
1.039437
1.025692
1.012129
0.998745
0.985538
0.972505
0.959645
0.946956
0.934433
0.922077
0.909884
0.897852
0.885979
0.874264
0.862703
0.851295
0.840038
0.828930
0.817969
0.807153
0.796479
0.785947
0.775554
0.765299
0.755179
0.745193
0.735339
0.725616
0.716021
0.706553
0.697210
0.687991
0.678893
0.669916
0.661058
0.652317
0.643691
0.635179
0.626780
0.618493
0.610314
0.602244
0.594281
0.586422
0.578668
0.571016
0.563466
0.556015
0.548663
0.541408
0.534249
0.527185
0.520214
0.513335
0.506548
0.499850
0.493240
0.486718
0.480283
0.473932
0.467665
0.461482
0.455379
0.449358
0.443416
0.437553
0.431768
0.426059
0.420425
0.414866
0.409380
0.403967
0.398626
0.393355
0.388154
0.383022
0.377957
0.372960
0.368028
0.363162
0.358360
0.353622
0.348946
0.344332
0.339779
0.335286
0.330853
0.326479
0.322162
0.317902
0.313699
0.309551
0.305458
0.301419
0.297434
0.293501
0.289620
0.285791
0.282012
0.278283
0.274604
0.270973
0.267390
0.263855
0.260366
0.256923
0.253526
0.250174
0.246867
0.243602
0.240382
0.237203
0.234067
0.230972
0.227918
0.224905
0.221931
0.218997
0.216101
0.213244
0.210425
0.207642
0.204897
0.202188
0.199515
0.196877
0.194274
0.191705
0.189170
0.186669
0.184201
0.181766
0.179362
0.176991
0.174651
0.172342
0.170063
0.167815
0.165596
0.163406
0.161246
0.159114
0.157010
0.154934
0.152886
0.150865
0.148870
0.146902
0.144959
0.143043
0.141152
0.139285
0.137444
0.135627
0.133834
0.132064
0.130318
0.128595
0.126895
0.125217
0.123562
0.121928
0.120316
0.118725
0.117156
0.115607
0.114078
0.112570
0.111082
0.109613
0.108164
0.106734
0.105323
0.103930
0.102556
0.101200
0.099862
0.098542
0.097239
0.095954
0.094685
0.093433
0.092198
0.090979
0.089776
0.088589
0.087418
0.086262
0.085122
0.083997
0.082886
0.081790
0.080709
0.079642
0.078589
0.077550
0.076525
0.075513
0.074515
0.073530
0.072558
0.071598
0.070652
0.069718
0.068796
0.067886
0.066989
0.066103
0.065229
0.064367
0.063516
0.062676
0.061848
0.061030
0.060223
0.059427
0.058641
0.057866
0.057101
0.056346
0.055601
0.054866
0.054141
0.053425
0.052719
0.052022
0.051334
0.050656
0.049986
0.049325
0.048673
0.048030
0.047395
0.046768
0.046150
0.045540
0.044938
0.044344
0.043757
0.043179
0.042608
0.042045
0.041489
0.040940
0.040399
0.039865
0.039338
0.038818
0.038305
0.037799
0.037299
0.036806
0.036319
0.035839
0.035365
0.034898
0.034436
0.033981
0.033532
0.033089
0.032651
0.032220
0.031794
0.031373
0.030959
0.030549
0.030146
0.029747
0.029354
0.028966
0.028583
0.028205
0.027832
0.027464
0.027101
0.026743
0.026389
0.026040
0.025696
0.025357
0.025021
0.024691
0.024364
0.024042
0.023724
0.023411
0.023101
0.022796
0.022494
0.022197
0.021904
0.021614
0.021328
0.021046
0.020768
0.020494
0.020223
0.019955
0.019692
0.019431
0.019175
0.018921
0.018671
0.018424
0.018181
0.017940
0.017703
0.017469
0.017238
0.017010
0.016785
0.016564
0.016345
0.016129
0.015915
0.015705
0.015497
0.015293
0.015090
0.014891
0.014694
0.014500
0.014308
0.014119
0.013932
0.013748
0.013566
0.013387
0.013210
0.013036
0.012863
0.012693
0.012525
0.012360
0.012196
0.012035
0.011876
0.011719
0.011564
0.011411
0.011261
0.011112
0.010965
0.010820
0.010677
0.010536
0.010396
0.010259
0.010123
0.009990
0.009858
0.009727
0.009599
0.009472
0.009347
0.009223
0.009101
0.008981
0.008862
0.008745
0.008629
0.008515
0.008403
0.008292
0.008182
0.008074
0.007967
0.007862
0.007758
0.007655
0.007554
0.007454
0.007356
0.007259
0.007163
0.007068
0.006975
0.006882
0.006791
0.006702
0.006613
0.006526
0.006439
0.006354
0.006270
0.006187
0.006106
0.006025
0.005945
0.005867
0.005789
0.005713
0.005637
0.005563
0.005489
0.005417
0.005345
0.005274
0.005205
0.005136
0.005068
0.005001
0.004935
0.004870
0.004805
0.004742
0.004679
0.004617
0.004556
0.004496
0.004437
0.004378
0.004320
0.004263
0.004207
0.004151
0.004096
0.004042
0.003989
0.003936
0.003884
0.003833
0.003782
0.003732
0.003683
0.003634
0.003586
0.003538
0.003492
0.003446
0.003400
0.003355
0.003311
0.003267
0.003224
0.003181
0.003139
0.003098
0.003057
0.003016
0.002976
0.002937
0.002898
0.002860
0.002822
0.002785
0.002748
0.002712
0.002676
0.002641
0.002606
0.002571
0.002537
0.002504
0.002471
0.002438
0.002406
0.002374
0.002343
0.002312
0.002281
0.002251
0.002221
0.002192
0.002163
0.002134
0.002106
0.002078
0.002051
0.002024
0.001997
0.001970
0.001944
0.001919
0.001893
0.001868
0.001844
0.001819
0.001795
0.001772
0.001748
0.001725
0.001702
0.001680
0.001658
0.001636
0.001614
0.001593
0.001572
0.001551
0.001530
0.001510
0.001490
0.001470
0.001451
0.001432
0.001413
0.001394
0.001376
0.001358
0.001340
0.001322
0.001305
0.001287
0.001270
0.001253
0.001237
0.001221
0.001204
0.001189
0.001173
0.001157
0.001142
0.001127
0.001112
0.001097
0.001083
0.001069
0.001054
0.001040
0.001027
0.001013
0.001000
0.000987
0.000974
0.000961
0.000948
0.000935
0.000923
0.000911
0.000899
0.000887
0.000875
0.000864
0.000852
0.000841
0.000830
0.000819
0.000808
0.000797
0.000787
0.000776
0.000766
0.000756
0.000746
0.000736
0.000726
0.000717
0.000707
0.000698
0.000689
0.000680
0.000671
0.000662
0.000653
0.000645
0.000636
0.000628
0.000619
0.000611
0.000603
0.000595
0.000587
0.000579
0.000572
0.000564
0.000557
0.000549
0.000542
0.000535
0.000528
0.000521
0.000514
0.000507
0.000501
0.000494
0.000487
0.000481
0.000475
0.000468
0.000462
0.000456
0.000450
0.000444
0.000438
0.000432
0.000427
0.000421
0.000416
0.000410
0.000405
0.000399
0.000394
0.000389
0.000384
0.000379
0.000374
0.000369
0.000364
0.000359
0.000354
0.000350
0.000345
0.000340
0.000336
0.000331
0.000327
0.000323
0.000318
0.000314
0.000310
0.000306
0.000302
0.000298
0.000294
0.000290
0.000286
0.000283
0.000279
0.000275
0.000271
0.000268
0.000264
0.000261
0.000257
0.000254
0.000251
0.000247
0.000244
0.000241
0.000238
0.000235
0.000231
0.000228
0.000225
0.000222
0.000219
0.000217
0.000214
0.000211
0.000208
0.000205
0.000203
0.000200
0.000197
0.000195
0.000192
0.000190
0.000187
0.000185
0.000182
0.000180
0.000177
0.000175
0.000173
0.000170
0.000168
0.000166
0.000164
0.000162
0.000159
0.000157
0.000155
0.000153
0.000151
0.000149
0.000147
0.000145
0.000143
0.000141
0.000140
0.000138
0.000136
0.000134
0.000132
0.000131
0.000129
0.000127
0.000125
0.000124
0.000122
0.000121
0.000119
0.000117
0.000116
0.000114
0.000113
0.000111
0.000110
0.000108
0.000107
0.000106
0.000104
0.000103
0.000101
0.000100
0.000099
0.000097
0.000096
0.000095
0.000094
0.000092
0.000091
0.000090
0.000089
0.000088
0.000086
0.000085
0.000084
0.000083
0.000082
0.000081
0.000080
0.000079
0.000078
0.000077
0.000076
