21.881952
32.864059
37.974102
40.201000
41.014168
41.135977
40.921525
40.545343
40.093190
39.607183
39.107982
38.605699
38.105261
37.609047
37.118182
36.633177
36.154241
35.681434
35.214746
34.754131
34.299525
33.850859
33.408058
32.971048
32.539754
32.114102
31.694019
31.279430
30.870265
30.466453
30.067924
29.674608
29.286438
28.903345
28.525264
28.152130
27.783876
27.420440
27.061758
26.707769
26.358411
26.013622
25.673345
25.337518
25.006085
24.678988
24.356170
24.037574
23.723147
23.412833
23.106578
22.804329
22.506035
22.211642
21.921101
21.634361
21.351372
21.072084
20.796450
20.524422
20.255953
19.990995
19.729504
19.471433
19.216738
18.965375
18.717300
18.472470
18.230843
17.992377
17.757031
17.524763
17.295533
17.069303
16.846031
16.625680
16.408212
16.193589
15.981773
15.772727
15.566417
15.362805
15.161857
14.963537
14.767812
14.574647
14.384009
14.195865
14.010182
13.826927
13.646070
13.467579
13.291423
13.117571
12.945993
12.776659
12.609541
12.444609
12.281834
12.121188
11.962644
11.806174
11.651750
11.499347
11.348937
11.200495
11.053994
10.909410
10.766717
10.625890
10.486906
10.349740
10.214368
10.080767
9.948913
9.818784
9.690358
9.563611
9.438522
9.315070
9.193232
9.072988
8.954317
8.837198
8.721611
8.607537
8.494954
8.383844
8.274187
8.165965
8.059158
7.953749
7.849718
7.747048
7.645721
7.545720
7.447026
7.349624
7.253495
7.158624
7.064994
6.972588
6.881392
6.791388
6.702561
6.614897
6.528379
6.442993
6.358723
6.275556
6.193477
6.112471
6.032525
5.953625
5.875756
5.798907
5.723062
5.648210
5.574336
5.501429
5.429475
5.358463
5.288380
5.219213
5.150951
5.083581
5.017093
4.951475
4.886715
4.822802
4.759725
4.697473
4.636035
4.575401
4.515560
4.456502
4.398216
4.340693
4.283921
4.227893
4.172597
4.118025
4.064166
4.011012
3.958553
3.906781
3.855685
3.805258
3.755490
3.706373
3.657899
3.610059
3.562844
3.516247
3.470260
3.424874
3.380081
3.335875
3.292247
3.249189
3.206694
3.164756
3.123366
3.082517
3.042202
3.002415
2.963148
2.924395
2.886149
2.848403
2.811150
2.774385
2.738101
2.702291
2.666950
2.632071
2.597648
2.563675
2.530147
2.497057
2.464400
2.432170
2.400362
2.368969
2.337988
2.307411
2.277235
2.247453
2.218060
2.189052
2.160424
2.132170
2.104285
2.076765
2.049605
2.022800
1.996346
1.970238
1.944471
1.919042
1.893945
1.869176
1.844731
1.820606
1.796796
1.773298
1.750107
1.727219
1.704631
1.682338
1.660337
1.638624
1.617194
1.596045
1.575172
1.554573
1.534242
1.514178
1.494376
1.474833
1.455546
1.436511
1.417725
1.399184
1.380886
1.362828
1.345005
1.327416
1.310057
1.292924
1.276016
1.259329
1.242860
1.226607
1.210566
1.194735
1.179111
1.163691
1.148473
1.133454
1.118631
1.104003
1.089565
1.075317
1.061254
1.047376
1.033679
1.020162
1.006821
0.993654
0.980660
0.967836
0.955179
0.942688
0.930360
0.918194
0.906187
0.894336
0.882641
0.871099
0.859707
0.848465
0.837369
0.826419
0.815612
0.804946
0.794420
0.784031
0.773779
0.763660
0.753674
0.743818
0.734091
0.724491
0.715017
0.705667
0.696439
0.687332
0.678344
0.669473
0.660719
0.652079
0.643552
0.635136
0.626831
0.618634
0.610544
0.602560
0.594681
0.586904
0.579229
0.571655
0.564180
0.556802
0.549521
0.542335
0.535243
0.528244
0.521337
0.514519
0.507791
0.501151
0.494598
0.488130
0.481747
0.475448
0.469230
0.463095
0.457039
0.451063
0.445164
0.439343
0.433598
0.427928
0.422333
0.416810
0.411360
0.405981
0.400672
0.395433
0.390262
0.385159
0.380122
0.375152
0.370246
0.365405
0.360627
0.355911
0.351257
0.346664
0.342131
0.337657
0.333242
0.328885
0.324584
0.320340
0.316151
0.312017
0.307937
0.303911
0.299937
0.296015
0.292144
0.288324
0.284554
0.280833
0.277161
0.273537
0.269960
0.266430
0.262946
0.259508
0.256115
0.252766
0.249461
0.246199
0.242980
0.239803
0.236667
0.233573
0.230518
0.227504
0.224529
0.221594
0.218696
0.215837
0.213014
0.210229
0.207480
0.204767
0.202090
0.199447
0.196840
0.194266
0.191726
0.189219
0.186745
0.184303
0.181893
0.179515
0.177167
0.174851
0.172565
0.170308
0.168082
0.165884
0.163715
0.161574
0.159462
0.157377
0.155319
0.153288
0.151284
0.149306
0.147353
0.145427
0.143525
0.141649
0.139797
0.137969
0.136165
0.134384
0.132627
0.130893
0.129182
0.127493
0.125826
0.124181
0.122557
0.120955
0.119373
0.117812
0.116272
0.114752
0.113251
0.111770
0.110309
0.108867
0.107443
0.106039
0.104652
0.103284
0.101933
0.100601
0.099285
0.097987
0.096706
0.095442
0.094194
0.092962
0.091747
0.090547
0.089363
0.088195
0.087042
0.085904
0.084781
0.083672
0.082578
0.081498
0.080433
0.079381
0.078343
0.077319
0.076308
0.075311
0.074326
0.073354
0.072395
0.071449
0.070514
0.069592
0.068683
0.067785
0.066898
0.066024
0.065160
0.064309
0.063468
0.062638
0.061819
0.061011
0.060213
0.059426
0.058649
0.057882
0.057125
0.056379
0.055641
0.054914
0.054196
0.053487
0.052788
0.052098
0.051417
0.050745
0.050081
0.049426
0.048780
0.048142
0.047513
0.046892
0.046279
0.045674
0.045077
0.044487
0.043906
0.043332
0.042765
0.042206
0.041654
0.041110
0.040572
0.040042
0.039518
0.039002
0.038492
0.037988
0.037492
0.037002
0.036518
0.036040
0.035569
0.035104
0.034645
0.034192
0.033745
0.033304
0.032869
0.032439
0.032015
0.031596
0.031183
0.030776
0.030373
0.029976
0.029584
0.029198
0.028816
0.028439
0.028067
0.027700
0.027338
0.026981
0.026628
0.026280
0.025936
0.025597
0.025263
0.024932
0.024607
0.024285
0.023967
0.023654
0.023345
0.023040
0.022738
0.022441
0.022148
0.021858
0.021572
0.021290
0.021012
0.020737
0.020466
0.020199
0.019935
0.019674
0.019417
0.019163
0.018913
0.018665
0.018421
0.018180
0.017943
0.017708
0.017477
0.017248
0.017023
0.016800
0.016581
0.016364
0.016150
0.015939
0.015730
0.015525
0.015322
0.015122
0.014924
0.014729
0.014536
0.014346
0.014159
0.013974
0.013791
0.013611
0.013433
0.013257
0.013084
0.012913
0.012744
0.012577
0.012413
0.012251
0.012090
0.011932
0.011776
0.011622
0.011471
0.011321
0.011173
0.011027
0.010882
0.010740
0.010600
0.010461
0.010324
0.010189
0.010056
0.009925
0.009795
0.009667
0.009541
0.009416
0.009293
0.009171
0.009051
0.008933
0.008816
0.008701
0.008587
0.008475
0.008364
0.008255
0.008147
0.008041
0.007935
0.007832
0.007729
0.007628
0.007529
0.007430
0.007333
0.007237
0.007143
0.007049
0.006957
0.006866
0.006776
0.006688
0.006600
0.006514
0.006429
0.006345
0.006262
0.006180
0.006099
0.006020
0.005941
0.005863
0.005787
0.005711
0.005636
0.005563
0.005490
0.005418
0.005347
0.005277
0.005208
0.005140
0.005073
0.005007
0.004941
0.004877
0.004813
0.004750
0.004688
0.004627
0.004566
0.004507
0.004448
0.004390
0.004332
0.004276
0.004220
0.004165
0.004110
0.004056
0.004003
0.003951
0.003899
0.003848
0.003798
0.003748
0.003699
0.003651
0.003603
0.003556
0.003510
0.003464
0.003419
0.003374
0.003330
0.003286
0.003243
0.003201
0.003159
0.003118
0.003077
0.003037
0.002997
0.002958
0.002919
0.002881
0.002844
0.002806
0.002770
0.002733
0.002698
0.002662
0.002628
0.002593
0.002559
0.002526
0.002493
0.002460
0.002428
0.002396
0.002365
0.002334
0.002304
0.002274
0.002244
0.002215
0.002186
0.002157
0.002129
0.002101
0.002074
0.002046
0.002020
0.001993
0.001967
0.001942
0.001916
0.001891
0.001866
0.001842
0.001818
0.001794
0.001771
0.001748
0.001725
0.001702
0.001680
0.001658
0.001636
0.001615
0.001594
0.001573
0.001552
0.001532
0.001512
0.001492
0.001473
0.001454
0.001435
0.001416
0.001397
0.001379
0.001361
0.001343
0.001326
0.001308
0.001291
0.001274
0.001258
0.001241
0.001225
0.001209
0.001193
0.001178
0.001162
0.001147
0.001132
0.001117
0.001103
0.001088
0.001074
0.001060
0.001046
0.001032
0.001019
0.001006
0.000993
0.000980
0.000967
0.000954
0.000942
0.000929
0.000917
0.000905
0.000893
0.000882
0.000870
0.000859
0.000848
0.000837
0.000826
0.000815
0.000804
0.000794
0.000783
0.000773
0.000763
0.000753
0.000743
0.000733
0.000724
0.000714
0.000705
0.000696
0.000687
0.000678
0.000669
0.000660
0.000651
0.000643
0.000635
0.000626
0.000618
0.000610
0.000602
0.000594
0.000586
0.000579
0.000571
0.000564
0.000556
0.000549
0.000542
0.000535
0.000528
0.000521
0.000514
0.000507
0.000501
0.000494
0.000488
0.000481
0.000475
0.000469
0.000463
0.000457
0.000451
0.000445
0.000439
0.000433
0.000428
0.000422
0.000417
0.000411
0.000406
0.000400
0.000395
0.000390
0.000385
0.000380
0.000375
0.000370
0.000365
0.000360
0.000356
0.000351
0.000346
0.000342
0.000337
0.000333
0.000329
0.000324
0.000320
0.000316
0.000312
0.000308
0.000304
0.000300
0.000296
0.000292
0.000288
0.000284
0.000281
0.000277
0.000273
0.000270
0.000266
0.000263
0.000259
0.000256
0.000253
0.000249
0.000246
0.000243
0.000240
0.000237
0.000233
0.000230
0.000227
0.000224
0.000222
0.000219
0.000216
0.000213
0.000210
0.000207
0.000205
0.000202
0.000199
0.000197
0.000194
0.000192
0.000189
0.000187
0.000184
0.000182
0.000179
0.000177
0.000175
0.000173
0.000170
0.000168
0.000166
0.000164
0.000162
0.000159
0.000157
0.000155
0.000153
0.000151
0.000149
0.000147
0.000145
0.000144
0.000142
0.000140
0.000138
0.000136
0.000134
0.000133
0.000131
0.000129
0.000127
0.000126
0.000124
0.000123
0.000121
0.000119
0.000118
0.000116
0.000115
0.000113
0.000112
0.000110
0.000109
0.000107
0.000106
0.000105
0.000103
0.000102
0.000101
0.000099
0.000098
0.000097
0.000095
0.000094
0.000093
0.000092
0.000091
0.000089
0.000088
0.000087
