21.559661
32.694469
37.718767
39.832081
40.560508
40.631936
40.393516
40.010790
39.562675
39.086770
38.600966
38.113754
37.629141
37.148997
36.674172
36.205031
35.741709
35.284228
34.832562
34.386658
33.946453
33.511879
33.082867
32.659346
32.241247
31.828501
31.421038
31.018793
30.621697
30.229685
29.842692
29.460653
29.083506
28.711187
28.343634
27.980788
27.622586
27.268971
26.919883
26.575264
26.235057
25.899205
25.567654
25.240347
24.917230
24.598250
24.283354
23.972490
23.665605
23.362649
23.063572
22.768323
22.476855
22.189118
21.905064
21.624647
21.347821
21.074538
20.804754
20.538424
20.275503
20.015949
19.759717
19.506766
19.257053
19.010537
18.767177
18.526933
18.289764
18.055631
17.824496
17.596320
17.371065
17.148694
16.929170
16.712456
16.498516
16.287316
16.078819
15.872991
15.669798
15.469207
15.271184
15.075696
14.882710
14.692195
14.504119
14.318451
14.135159
13.954215
13.775586
13.599245
13.425161
13.253305
13.083650
12.916166
12.750827
12.587604
12.426471
12.267401
12.110367
11.955343
11.802304
11.651224
11.502079
11.354842
11.209491
11.066000
10.924346
10.784506
10.646456
10.510173
10.375634
10.242818
10.111703
9.982265
9.854485
9.728341
9.603811
9.480876
9.359514
9.239706
9.121432
9.004672
8.889407
8.775617
8.663284
8.552389
8.442913
8.334839
8.228148
8.122824
8.018847
7.916202
7.814871
7.714836
7.616083
7.518593
7.422352
7.327342
7.233549
7.140957
7.049550
6.959313
6.870231
6.782289
6.695474
6.609769
6.525162
6.441638
6.359183
6.277783
6.197426
6.118097
6.039784
5.962473
5.886152
5.810808
5.736428
5.663001
5.590513
5.518954
5.448310
5.378571
5.309725
5.241759
5.174664
5.108428
5.043040
4.978488
4.914763
4.851854
4.789750
4.728441
4.667917
4.608168
4.549183
4.490954
4.433470
4.376721
4.320699
4.265395
4.210798
4.156900
4.103692
4.051165
3.999311
3.948120
3.897585
3.847697
3.798447
3.749827
3.701830
3.654447
3.607671
3.561494
3.515908
3.470905
3.426478
3.382620
3.339324
3.296581
3.254386
3.212731
3.171609
3.131014
3.090938
3.051375
3.012319
2.973762
2.935699
2.898123
2.861029
2.824409
2.788258
2.752569
2.717338
2.682557
2.648222
2.614326
2.580864
2.547830
2.515219
2.483026
2.451245
2.419870
2.388897
2.358321
2.328136
2.298337
2.268920
2.239879
2.211210
2.182908
2.154969
2.127387
2.100158
2.073277
2.046741
2.020544
1.994683
1.969152
1.943949
1.919068
1.894505
1.870257
1.846319
1.822688
1.799359
1.776329
1.753593
1.731149
1.708992
1.687118
1.665525
1.644208
1.623163
1.602388
1.581879
1.561633
1.541646
1.521914
1.502435
1.483206
1.464222
1.445482
1.426981
1.408717
1.390687
1.372888
1.355316
1.337970
1.320846
1.303940
1.287251
1.270776
1.254512
1.238455
1.222605
1.206957
1.191509
1.176259
1.161205
1.146343
1.131671
1.117187
1.102889
1.088773
1.074838
1.061082
1.047501
1.034095
1.020860
1.007794
0.994896
0.982163
0.969592
0.957183
0.944933
0.932839
0.920900
0.909114
0.897478
0.885992
0.874653
0.863458
0.852408
0.841498
0.830728
0.820096
0.809600
0.799239
0.789010
0.778912
0.768943
0.759102
0.749386
0.739796
0.730327
0.720981
0.711753
0.702644
0.693651
0.684774
0.676010
0.667358
0.658817
0.650386
0.642062
0.633845
0.625733
0.617724
0.609819
0.602014
0.594309
0.586703
0.579195
0.571782
0.564464
0.557240
0.550109
0.543068
0.536118
0.529257
0.522484
0.515797
0.509196
0.502679
0.496246
0.489895
0.483625
0.477436
0.471326
0.465294
0.459339
0.453460
0.447657
0.441928
0.436272
0.430689
0.425177
0.419736
0.414364
0.409061
0.403826
0.398658
0.393556
0.388519
0.383547
0.378639
0.373793
0.369009
0.364287
0.359625
0.355022
0.350479
0.345994
0.341566
0.337195
0.332879
0.328619
0.324414
0.320262
0.316163
0.312117
0.308123
0.304180
0.300287
0.296444
0.292650
0.288905
0.285208
0.281558
0.277955
0.274398
0.270886
0.267420
0.263997
0.260619
0.257284
0.253991
0.250741
0.247532
0.244364
0.241237
0.238150
0.235102
0.232093
0.229123
0.226191
0.223296
0.220439
0.217618
0.214833
0.212084
0.209370
0.206690
0.204045
0.201434
0.198856
0.196312
0.193799
0.191319
0.188871
0.186454
0.184068
0.181712
0.179387
0.177091
0.174825
0.172588
0.170379
0.168199
0.166047
0.163922
0.161824
0.159753
0.157709
0.155691
0.153698
0.151731
0.149790
0.147873
0.145981
0.144112
0.142268
0.140448
0.138650
0.136876
0.135125
0.133395
0.131688
0.130003
0.128340
0.126697
0.125076
0.123475
0.121895
0.120335
0.118796
0.117275
0.115775
0.114293
0.112831
0.111387
0.109961
0.108554
0.107165
0.105794
0.104440
0.103104
0.101784
0.100482
0.099196
0.097926
0.096673
0.095436
0.094215
0.093009
0.091819
0.090644
0.089484
0.088339
0.087209
0.086093
0.084991
0.083904
0.082830
0.081770
0.080724
0.079691
0.078671
0.077664
0.076671
0.075689
0.074721
0.073765
0.072821
0.071889
0.070969
0.070061
0.069164
0.068279
0.067406
0.066543
0.065692
0.064851
0.064021
0.063202
0.062393
0.061595
0.060807
0.060029
0.059261
0.058502
0.057754
0.057015
0.056285
0.055565
0.054854
0.054152
0.053459
0.052775
0.052100
0.051433
0.050775
0.050125
0.049484
0.048851
0.048225
0.047608
0.046999
0.046398
0.045804
0.045218
0.044639
0.044068
0.043504
0.042948
0.042398
0.041856
0.041320
0.040791
0.040269
0.039754
0.039245
0.038743
0.038247
0.037758
0.037275
0.036798
0.036327
0.035862
0.035403
0.034950
0.034503
0.034062
0.033626
0.033196
0.032771
0.032352
0.031938
0.031529
0.031126
0.030727
0.030334
0.029946
0.029563
0.029185
0.028811
0.028442
0.028079
0.027719
0.027365
0.027014
0.026669
0.026328
0.025991
0.025658
0.025330
0.025006
0.024686
0.024370
0.024058
0.023750
0.023446
0.023146
0.022850
0.022558
0.022269
0.021984
0.021703
0.021425
0.021151
0.020881
0.020613
0.020350
0.020089
0.019832
0.019578
0.019328
0.019081
0.018836
0.018595
0.018358
0.018123
0.017891
0.017662
0.017436
0.017213
0.016993
0.016775
0.016561
0.016349
0.016139
0.015933
0.015729
0.015528
0.015329
0.015133
0.014939
0.014748
0.014560
0.014373
0.014189
0.014008
0.013829
0.013652
0.013477
0.013305
0.013134
0.012966
0.012800
0.012637
0.012475
0.012315
0.012158
0.012002
0.011849
0.011697
0.011547
0.011400
0.011254
0.011110
0.010968
0.010827
0.010689
0.010552
0.010417
0.010284
0.010152
0.010022
0.009894
0.009767
0.009642
0.009519
0.009397
0.009277
0.009158
0.009041
0.008926
0.008811
0.008699
0.008587
0.008477
0.008369
0.008262
0.008156
0.008052
0.007949
0.007847
0.007747
0.007648
0.007550
0.007453
0.007358
0.007264
0.007171
0.007079
0.006988
0.006899
0.006811
0.006724
0.006638
0.006553
0.006469
0.006386
0.006304
0.006224
0.006144
0.006066
0.005988
0.005911
0.005836
0.005761
0.005687
0.005615
0.005543
0.005472
0.005402
0.005333
0.005264
0.005197
0.005131
0.005065
0.005000
0.004936
0.004873
0.004811
0.004749
0.004688
0.004628
0.004569
0.004511
0.004453
0.004396
0.004340
0.004284
0.004229
0.004175
0.004122
0.004069
0.004017
0.003966
0.003915
0.003865
0.003815
0.003767
0.003718
0.003671
0.003624
0.003578
0.003532
0.003487
0.003442
0.003398
0.003355
0.003312
0.003269
0.003227
0.003186
0.003145
0.003105
0.003065
0.003026
0.002987
0.002949
0.002912
0.002874
0.002837
0.002801
0.002765
0.002730
0.002695
0.002661
0.002627
0.002593
0.002560
0.002527
0.002495
0.002463
0.002431
0.002400
0.002369
0.002339
0.002309
0.002280
0.002251
0.002222
0.002193
0.002165
0.002138
0.002110
0.002083
0.002057
0.002030
0.002004
0.001979
0.001953
0.001928
0.001904
0.001879
0.001855
0.001832
0.001808
0.001785
0.001762
0.001740
0.001717
0.001695
0.001674
0.001652
0.001631
0.001610
0.001590
0.001569
0.001549
0.001529
0.001510
0.001491
0.001471
0.001453
0.001434
0.001416
0.001398
0.001380
0.001362
0.001345
0.001327
0.001310
0.001294
0.001277
0.001261
0.001245
0.001229
0.001213
0.001198
0.001182
0.001167
0.001152
0.001137
0.001123
0.001109
0.001094
0.001080
0.001067
0.001053
0.001039
0.001026
0.001013
0.001000
0.000987
0.000975
0.000962
0.000950
0.000938
0.000926
0.000914
0.000902
0.000891
0.000879
0.000868
0.000857
0.000846
0.000835
0.000824
0.000814
0.000803
0.000793
0.000783
0.000773
0.000763
0.000753
0.000744
0.000734
0.000725
0.000716
0.000706
0.000697
0.000688
0.000680
0.000671
0.000662
0.000654
0.000646
0.000637
0.000629
0.000621
0.000613
0.000605
0.000598
0.000590
0.000582
0.000575
0.000568
0.000560
0.000553
0.000546
0.000539
0.000532
0.000525
0.000519
0.000512
0.000505
0.000499
0.000493
0.000486
0.000480
0.000474
0.000468
0.000462
0.000456
0.000450
0.000444
0.000439
0.000433
0.000428
0.000422
0.000417
0.000411
0.000406
0.000401
0.000396
0.000391
0.000386
0.000381
0.000376
0.000371
0.000366
0.000362
0.000357
0.000352
0.000348
0.000343
0.000339
0.000335
0.000330
0.000326
0.000322
0.000318
0.000314
0.000310
0.000306
0.000302
0.000298
0.000294
0.000291
0.000287
0.000283
0.000280
0.000276
0.000272
0.000269
0.000266
0.000262
0.000259
0.000255
0.000252
0.000249
0.000246
0.000243
0.000240
0.000236
0.000233
0.000230
0.000228
0.000225
0.000222
0.000219
0.000216
0.000213
0.000211
0.000208
0.000205
0.000203
0.000200
0.000197
0.000195
0.000192
0.000190
0.000188
0.000185
0.000183
0.000180
0.000178
0.000176
0.000174
0.000171
0.000169
0.000167
0.000165
0.000163
0.000161
0.000159
0.000157
0.000155
0.000153
0.000151
0.000149
0.000147
0.000145
0.000143
0.000141
0.000139
0.000138
0.000136
0.000134
0.000132
0.000131
0.000129
0.000127
0.000126
0.000124
0.000123
0.000121
0.000120
0.000118
0.000116
0.000115
0.000114
