21.720041
32.780676
37.848713
40.018567
40.788657
40.884544
40.657533
40.277699
39.827351
39.346306
38.853798
38.359099
37.866653
37.378571
36.895832
36.418869
35.947850
35.482816
35.023746
34.570590
34.123286
33.681764
33.245952
32.815779
32.391171
31.972058
31.558367
31.150030
30.746977
30.349139
29.956450
29.568841
29.186249
28.808607
28.435852
28.067920
27.704750
27.346278
26.992446
26.643192
26.298457
25.958183
25.622313
25.290788
24.963554
24.640553
24.321733
24.007037
23.696414
23.389811
23.087174
22.788454
22.493599
22.202560
21.915286
21.631730
21.351843
21.075578
20.802887
20.533725
20.268046
20.005804
19.746956
19.491458
19.239265
18.990336
18.744627
18.502098
18.262708
18.026415
17.793179
17.562962
17.335723
17.111425
16.890028
16.671497
16.455794
16.242881
16.032724
15.825285
15.620531
15.418427
15.218937
15.022029
14.827668
14.635823
14.446460
14.259547
14.075053
13.892945
13.713195
13.535770
13.360640
13.187777
13.017151
12.848732
12.682492
12.518404
12.356439
12.196569
12.038768
11.883009
11.729265
11.577511
11.427720
11.279867
11.133927
10.989876
10.847688
10.707340
10.568809
10.432069
10.297099
10.163876
10.032376
9.902577
9.774459
9.647997
9.523172
9.399963
9.278347
9.158305
9.039816
8.922860
8.807418
8.693469
8.580994
8.469975
8.360393
8.252228
8.145463
8.040079
7.936058
7.833384
7.732038
7.632003
7.533263
7.435800
7.339598
7.244641
7.150913
7.058397
6.967078
6.876941
6.787970
6.700150
6.613467
6.527905
6.443450
6.360088
6.277804
6.196585
6.116417
6.037286
5.959179
5.882083
5.805984
5.730870
5.656727
5.583544
5.511308
5.440006
5.369627
5.300158
5.231588
5.163906
5.097099
5.031156
4.966067
4.901820
4.838404
4.775808
4.714023
4.653036
4.592839
4.533421
4.474771
4.416881
4.359739
4.303336
4.247664
4.192711
4.138470
4.084930
4.032083
3.979920
3.928432
3.877610
3.827445
3.777929
3.729054
3.680812
3.633193
3.586191
3.539797
3.494003
3.448801
3.404184
3.360145
3.316675
3.273768
3.231416
3.189612
3.148348
3.107619
3.067416
3.027734
2.988565
2.949902
2.911740
2.874072
2.836891
2.800191
2.763966
2.728209
2.692916
2.658078
2.623692
2.589750
2.556248
2.523178
2.490537
2.458318
2.426516
2.395125
2.364141
2.333557
2.303369
2.273572
2.244160
2.215128
2.186472
2.158187
2.130268
2.102710
2.075508
2.048659
2.022157
1.995997
1.970177
1.944690
1.919533
1.894701
1.870191
1.845997
1.822117
1.798546
1.775279
1.752314
1.729646
1.707271
1.685185
1.663385
1.641867
1.620628
1.599663
1.578970
1.558544
1.538383
1.518482
1.498839
1.479450
1.460312
1.441421
1.422775
1.404370
1.386203
1.368271
1.350571
1.333100
1.315855
1.298834
1.282032
1.265448
1.249078
1.232920
1.216971
1.201229
1.185690
1.170352
1.155213
1.140269
1.125519
1.110959
1.096588
1.082403
1.068401
1.054581
1.040939
1.027474
1.014183
1.001064
0.988114
0.975332
0.962716
0.950262
0.937970
0.925837
0.913861
0.902040
0.890371
0.878854
0.867485
0.856264
0.845188
0.834255
0.823463
0.812812
0.802297
0.791919
0.781676
0.771564
0.761584
0.751732
0.742008
0.732410
0.722936
0.713585
0.704355
0.695243
0.686250
0.677373
0.668611
0.659963
0.651426
0.643000
0.634682
0.626473
0.618369
0.610370
0.602475
0.594682
0.586990
0.579397
0.571902
0.564505
0.557203
0.549995
0.542881
0.535859
0.528928
0.522086
0.515333
0.508667
0.502087
0.495593
0.489182
0.482855
0.476609
0.470444
0.464359
0.458353
0.452424
0.446572
0.440796
0.435094
0.429466
0.423911
0.418428
0.413016
0.407673
0.402400
0.397195
0.392058
0.386986
0.381981
0.377040
0.372163
0.367349
0.362598
0.357908
0.353278
0.348709
0.344198
0.339746
0.335352
0.331014
0.326733
0.322507
0.318335
0.314218
0.310153
0.306142
0.302182
0.298273
0.294415
0.290607
0.286848
0.283138
0.279476
0.275861
0.272293
0.268771
0.265295
0.261863
0.258476
0.255133
0.251833
0.248576
0.245361
0.242187
0.239055
0.235963
0.232911
0.229898
0.226925
0.223990
0.221092
0.218233
0.215410
0.212624
0.209874
0.207159
0.204480
0.201835
0.199225
0.196648
0.194104
0.191594
0.189116
0.186670
0.184255
0.181872
0.179520
0.177198
0.174906
0.172644
0.170411
0.168207
0.166031
0.163884
0.161764
0.159672
0.157607
0.155568
0.153556
0.151570
0.149610
0.147675
0.145765
0.143880
0.142019
0.140182
0.138369
0.136579
0.134813
0.133069
0.131348
0.129649
0.127972
0.126317
0.124683
0.123071
0.121479
0.119908
0.118357
0.116826
0.115315
0.113824
0.112352
0.110899
0.109464
0.108049
0.106651
0.105272
0.103910
0.102566
0.101240
0.099930
0.098638
0.097362
0.096103
0.094860
0.093633
0.092422
0.091227
0.090047
0.088882
0.087733
0.086598
0.085478
0.084373
0.083282
0.082204
0.081141
0.080092
0.079056
0.078034
0.077024
0.076028
0.075045
0.074074
0.073116
0.072171
0.071237
0.070316
0.069407
0.068509
0.067623
0.066748
0.065885
0.065033
0.064192
0.063362
0.062542
0.061733
0.060935
0.060147
0.059369
0.058601
0.057843
0.057095
0.056357
0.055628
0.054909
0.054199
0.053498
0.052806
0.052123
0.051449
0.050783
0.050127
0.049478
0.048838
0.048207
0.047583
0.046968
0.046361
0.045761
0.045169
0.044585
0.044008
0.043439
0.042878
0.042323
0.041776
0.041235
0.040702
0.040176
0.039656
0.039143
0.038637
0.038137
0.037644
0.037157
0.036677
0.036203
0.035734
0.035272
0.034816
0.034366
0.033921
0.033483
0.033050
0.032622
0.032200
0.031784
0.031373
0.030967
0.030567
0.030171
0.029781
0.029396
0.029016
0.028641
0.028270
0.027905
0.027544
0.027188
0.026836
0.026489
0.026146
0.025808
0.025475
0.025145
0.024820
0.024499
0.024182
0.023869
0.023561
0.023256
0.022955
0.022658
0.022365
0.022076
0.021791
0.021509
0.021231
0.020956
0.020685
0.020418
0.020154
0.019893
0.019636
0.019382
0.019131
0.018884
0.018640
0.018399
0.018161
0.017926
0.017694
0.017465
0.017239
0.017016
0.016796
0.016579
0.016365
0.016153
0.015944
0.015738
0.015535
0.015334
0.015135
0.014940
0.014746
0.014556
0.014368
0.014182
0.013998
0.013817
0.013639
0.013462
0.013288
0.013116
0.012947
0.012779
0.012614
0.012451
0.012290
0.012131
0.011974
0.011819
0.011666
0.011516
0.011367
0.011220
0.011075
0.010931
0.010790
0.010651
0.010513
0.010377
0.010243
0.010110
0.009980
0.009850
0.009723
0.009597
0.009473
0.009351
0.009230
0.009110
0.008993
0.008876
0.008762
0.008648
0.008536
0.008426
0.008317
0.008210
0.008103
0.007999
0.007895
0.007793
0.007692
0.007593
0.007495
0.007398
0.007302
0.007208
0.007115
0.007023
0.006932
0.006842
0.006754
0.006666
0.006580
0.006495
0.006411
0.006328
0.006246
0.006166
0.006086
0.006007
0.005929
0.005853
0.005777
0.005702
0.005629
0.005556
0.005484
0.005413
0.005343
0.005274
0.005206
0.005138
0.005072
0.005006
0.004942
0.004878
0.004815
0.004753
0.004691
0.004630
0.004571
0.004511
0.004453
0.004396
0.004339
0.004283
0.004227
0.004173
0.004119
0.004065
0.004013
0.003961
0.003910
0.003859
0.003809
0.003760
0.003711
0.003663
0.003616
0.003569
0.003523
0.003478
0.003433
0.003388
0.003344
0.003301
0.003258
0.003216
0.003175
0.003134
0.003093
0.003053
0.003014
0.002975
0.002936
0.002898
0.002861
0.002824
0.002787
0.002751
0.002716
0.002681
0.002646
0.002612
0.002578
0.002545
0.002512
0.002479
0.002447
0.002416
0.002384
0.002353
0.002323
0.002293
0.002263
0.002234
0.002205
0.002177
0.002149
0.002121
0.002093
0.002066
0.002040
0.002013
0.001987
0.001961
0.001936
0.001911
0.001886
0.001862
0.001838
0.001814
0.001791
0.001768
0.001745
0.001722
0.001700
0.001678
0.001656
0.001635
0.001614
0.001593
0.001572
0.001552
0.001532
0.001512
0.001492
0.001473
0.001454
0.001435
0.001417
0.001398
0.001380
0.001362
0.001345
0.001327
0.001310
0.001293
0.001277
0.001260
0.001244
0.001228
0.001212
0.001196
0.001181
0.001166
0.001150
0.001136
0.001121
0.001106
0.001092
0.001078
0.001064
0.001050
0.001037
0.001023
0.001010
0.000997
0.000984
0.000971
0.000959
0.000946
0.000934
0.000922
0.000910
0.000898
0.000887
0.000875
0.000864
0.000853
0.000842
0.000831
0.000820
0.000810
0.000799
0.000789
0.000779
0.000769
0.000759
0.000749
0.000739
0.000730
0.000720
0.000711
0.000702
0.000693
0.000684
0.000675
0.000666
0.000657
0.000649
0.000641
0.000632
0.000624
0.000616
0.000608
0.000600
0.000592
0.000585
0.000577
0.000570
0.000562
0.000555
0.000548
0.000541
0.000534
0.000527
0.000520
0.000513
0.000507
0.000500
0.000494
0.000487
0.000481
0.000475
0.000469
0.000463
0.000457
0.000451
0.000445
0.000439
0.000434
0.000428
0.000422
0.000417
0.000412
0.000406
0.000401
0.000396
0.000391
0.000386
0.000381
0.000376
0.000371
0.000366
0.000361
0.000357
0.000352
0.000347
0.000343
0.000339
0.000334
0.000330
0.000326
0.000321
0.000317
0.000313
0.000309
0.000305
0.000301
0.000297
0.000293
0.000290
0.000286
0.000282
0.000279
0.000275
0.000271
0.000268
0.000264
0.000261
0.000258
0.000254
0.000251
0.000248
0.000245
0.000241
0.000238
0.000235
0.000232
0.000229
0.000226
0.000223
0.000220
0.000218
0.000215
0.000212
0.000209
0.000206
0.000204
0.000201
0.000199
0.000196
0.000193
0.000191
0.000188
0.000186
0.000184
0.000181
0.000179
0.000177
0.000174
0.000172
0.000170
0.000168
0.000165
0.000163
0.000161
0.000159
0.000157
0.000155
0.000153
0.000151
0.000149
0.000147
0.000145
0.000143
0.000142
0.000140
0.000138
0.000136
0.000134
0.000133
0.000131
0.000129
0.000128
0.000126
0.000124
0.000123
0.000121
0.000120
0.000118
0.000116
0.000115
0.000113
0.000112
0.000111
0.000109
0.000108
0.000106
0.000105
0.000104
0.000102
0.000101
0.000100
