21.243478
32.514111
37.446360
39.448420
40.097746
40.124430
39.866355
39.479869
39.037296
38.572069
38.099623
37.627060
37.157626
36.692785
36.233174
35.779049
35.330492
34.887500
34.450036
34.018046
33.591467
33.170235
32.754284
32.343549
31.937965
31.537467
31.141991
30.751475
30.365857
29.985074
29.609066
29.237774
28.871138
28.509100
28.151602
27.798587
27.449999
27.105783
26.765883
26.430246
26.098818
25.771546
25.448379
25.129264
24.814151
24.502990
24.195730
23.892324
23.592723
23.296879
23.004745
22.716275
22.431422
22.150141
21.872387
21.598117
21.327286
21.059851
20.795771
20.535001
20.277502
20.023232
19.772151
19.524218
19.279395
19.037642
18.798920
18.563192
18.330420
18.100567
17.873596
17.649472
17.428158
17.209620
16.993822
16.780730
16.570311
16.362530
16.157355
15.954752
15.754691
15.557138
15.362062
15.169433
14.979219
14.791391
14.605918
14.422771
14.241920
14.063338
13.886995
13.712863
13.540915
13.371123
13.203460
13.037900
12.874415
12.712981
12.553572
12.396161
12.240724
12.087236
11.935673
11.786011
11.638225
11.492293
11.348191
11.205895
11.065384
10.926635
10.789626
10.654335
10.520740
10.388821
10.258556
10.129924
10.002906
9.877480
9.753627
9.631327
9.510561
9.391309
9.273552
9.157272
9.042451
8.929069
8.817108
8.706552
8.597382
8.489581
8.383132
8.278018
8.174221
8.071727
7.970517
7.870577
7.771890
7.674440
7.578212
7.483191
7.389362
7.296709
7.205218
7.114874
7.025663
6.937571
6.850583
6.764686
6.679866
6.596110
6.513404
6.431735
6.351090
6.271457
6.192822
6.115173
6.038497
5.962783
5.888019
5.814192
5.741291
5.669304
5.598219
5.528026
5.458713
5.390269
5.322684
5.255946
5.190044
5.124970
5.060711
4.997258
4.934600
4.872728
4.811632
4.751302
4.691729
4.632902
4.574814
4.517453
4.460812
4.404881
4.349652
4.295114
4.241261
4.188083
4.135572
4.083719
4.032517
3.981956
3.932030
3.882729
3.834047
3.785975
3.738506
3.691632
3.645346
3.599640
3.554507
3.509940
3.465933
3.422476
3.379565
3.337192
3.295350
3.254033
3.213234
3.172946
3.133164
3.093880
3.055089
3.016784
2.978960
2.941610
2.904728
2.868309
2.832346
2.796834
2.761768
2.727141
2.692949
2.659185
2.625844
2.592922
2.560412
2.528310
2.496611
2.465308
2.434399
2.403877
2.373738
2.343976
2.314588
2.285568
2.256912
2.228616
2.200674
2.173083
2.145837
2.118933
2.092367
2.066133
2.040229
2.014649
1.989390
1.964448
1.939818
1.915498
1.891482
1.867767
1.844350
1.821226
1.798393
1.775845
1.753580
1.731595
1.709885
1.688447
1.667278
1.646375
1.625733
1.605351
1.585224
1.565349
1.545724
1.526344
1.507208
1.488311
1.469652
1.451226
1.433031
1.415065
1.397324
1.379805
1.362506
1.345424
1.328556
1.311899
1.295452
1.279210
1.263172
1.247336
1.231697
1.216255
1.201007
1.185950
1.171081
1.156399
1.141901
1.127585
1.113448
1.099488
1.085704
1.072092
1.058651
1.045379
1.032273
1.019331
1.006552
0.993932
0.981471
0.969167
0.957016
0.945018
0.933170
0.921471
0.909919
0.898511
0.887246
0.876123
0.865139
0.854293
0.843582
0.833007
0.822563
0.812251
0.802068
0.792012
0.782083
0.772278
0.762596
0.753035
0.743595
0.734272
0.725067
0.715977
0.707001
0.698137
0.689385
0.680742
0.672208
0.663781
0.655459
0.647242
0.639127
0.631115
0.623203
0.615390
0.607675
0.600056
0.592534
0.585105
0.577770
0.570527
0.563374
0.556311
0.549337
0.542450
0.535650
0.528935
0.522304
0.515756
0.509290
0.502905
0.496600
0.490375
0.484227
0.478157
0.472162
0.466243
0.460398
0.454626
0.448927
0.443299
0.437741
0.432254
0.426835
0.421484
0.416200
0.410982
0.405830
0.400742
0.395719
0.390758
0.385859
0.381022
0.376245
0.371528
0.366871
0.362272
0.357730
0.353246
0.348817
0.344444
0.340126
0.335862
0.331652
0.327494
0.323389
0.319335
0.315331
0.311378
0.307475
0.303620
0.299814
0.296056
0.292344
0.288679
0.285060
0.281487
0.277958
0.274474
0.271033
0.267635
0.264280
0.260967
0.257696
0.254465
0.251275
0.248125
0.245015
0.241943
0.238910
0.235915
0.232958
0.230037
0.227154
0.224306
0.221494
0.218718
0.215976
0.213268
0.210595
0.207955
0.205348
0.202774
0.200232
0.197722
0.195243
0.192796
0.190379
0.187992
0.185636
0.183309
0.181011
0.178741
0.176501
0.174288
0.172103
0.169946
0.167816
0.165712
0.163635
0.161583
0.159558
0.157558
0.155583
0.153632
0.151706
0.149805
0.147927
0.146072
0.144241
0.142433
0.140648
0.138885
0.137144
0.135424
0.133727
0.132050
0.130395
0.128761
0.127147
0.125553
0.123979
0.122425
0.120890
0.119375
0.117878
0.116401
0.114941
0.113501
0.112078
0.110673
0.109286
0.107916
0.106563
0.105227
0.103908
0.102606
0.101319
0.100049
0.098795
0.097557
0.096334
0.095126
0.093934
0.092756
0.091594
0.090445
0.089312
0.088192
0.087087
0.085995
0.084917
0.083853
0.082802
0.081764
0.080739
0.079727
0.078727
0.077740
0.076766
0.075804
0.074853
0.073915
0.072989
0.072074
0.071170
0.070278
0.069397
0.068527
0.067668
0.066820
0.065983
0.065155
0.064339
0.063532
0.062736
0.061949
0.061173
0.060406
0.059649
0.058901
0.058163
0.057434
0.056714
0.056003
0.055301
0.054608
0.053923
0.053247
0.052580
0.051921
0.051270
0.050627
0.049993
0.049366
0.048747
0.048136
0.047533
0.046937
0.046349
0.045768
0.045194
0.044628
0.044068
0.043516
0.042970
0.042432
0.041900
0.041375
0.040856
0.040344
0.039838
0.039339
0.038846
0.038359
0.037878
0.037403
0.036935
0.036472
0.036014
0.035563
0.035117
0.034677
0.034242
0.033813
0.033389
0.032971
0.032558
0.032150
0.031747
0.031349
0.030956
0.030568
0.030185
0.029806
0.029433
0.029064
0.028699
0.028340
0.027984
0.027634
0.027287
0.026945
0.026608
0.026274
0.025945
0.025620
0.025298
0.024981
0.024668
0.024359
0.024054
0.023752
0.023454
0.023160
0.022870
0.022584
0.022300
0.022021
0.021745
0.021472
0.021203
0.020937
0.020675
0.020416
0.020160
0.019907
0.019658
0.019411
0.019168
0.018928
0.018691
0.018456
0.018225
0.017997
0.017771
0.017548
0.017328
0.017111
0.016897
0.016685
0.016476
0.016269
0.016065
0.015864
0.015665
0.015469
0.015275
0.015083
0.014894
0.014708
0.014523
0.014341
0.014162
0.013984
0.013809
0.013636
0.013465
0.013296
0.013129
0.012965
0.012802
0.012642
0.012483
0.012327
0.012173
0.012020
0.011869
0.011721
0.011574
0.011429
0.011285
0.011144
0.011004
0.010866
0.010730
0.010596
0.010463
0.010332
0.010202
0.010074
0.009948
0.009823
0.009700
0.009579
0.009459
0.009340
0.009223
0.009107
0.008993
0.008881
0.008769
0.008659
0.008551
0.008444
0.008338
0.008233
0.008130
0.008028
0.007928
0.007828
0.007730
0.007633
0.007538
0.007443
0.007350
0.007258
0.007167
0.007077
0.006988
0.006901
0.006814
0.006729
0.006644
0.006561
0.006479
0.006398
0.006318
0.006238
0.006160
0.006083
0.006007
0.005931
0.005857
0.005784
0.005711
0.005640
0.005569
0.005499
0.005430
0.005362
0.005295
0.005229
0.005163
0.005098
0.005034
0.004971
0.004909
0.004848
0.004787
0.004727
0.004668
0.004609
0.004551
0.004494
0.004438
0.004382
0.004327
0.004273
0.004220
0.004167
0.004114
0.004063
0.004012
0.003962
0.003912
0.003863
0.003815
0.003767
0.003720
0.003673
0.003627
0.003581
0.003537
0.003492
0.003449
0.003405
0.003363
0.003320
0.003279
0.003238
0.003197
0.003157
0.003118
0.003078
0.003040
0.003002
0.002964
0.002927
0.002890
0.002854
0.002818
0.002783
0.002748
0.002714
0.002680
0.002646
0.002613
0.002580
0.002548
0.002516
0.002484
0.002453
0.002423
0.002392
0.002362
0.002333
0.002303
0.002274
0.002246
0.002218
0.002190
0.002163
0.002136
0.002109
0.002082
0.002056
0.002030
0.002005
0.001980
0.001955
0.001931
0.001906
0.001882
0.001859
0.001836
0.001813
0.001790
0.001767
0.001745
0.001723
0.001702
0.001680
0.001659
0.001639
0.001618
0.001598
0.001578
0.001558
0.001538
0.001519
0.001500
0.001481
0.001463
0.001444
0.001426
0.001409
0.001391
0.001373
0.001356
0.001339
0.001322
0.001306
0.001289
0.001273
0.001257
0.001242
0.001226
0.001211
0.001196
0.001181
0.001166
0.001151
0.001137
0.001122
0.001108
0.001095
0.001081
0.001067
0.001054
0.001041
0.001028
0.001015
0.001002
0.000989
0.000977
0.000965
0.000953
0.000941
0.000929
0.000917
0.000906
0.000895
0.000883
0.000872
0.000861
0.000851
0.000840
0.000829
0.000819
0.000809
0.000799
0.000789
0.000779
0.000769
0.000759
0.000750
0.000740
0.000731
0.000722
0.000713
0.000704
0.000695
0.000686
0.000678
0.000669
0.000661
0.000653
0.000644
0.000636
0.000628
0.000621
0.000613
0.000605
0.000597
0.000590
0.000583
0.000575
0.000568
0.000561
0.000554
0.000547
0.000540
0.000533
0.000527
0.000520
0.000514
0.000507
0.000501
0.000495
0.000488
0.000482
0.000476
0.000470
0.000464
0.000458
0.000453
0.000447
0.000441
0.000436
0.000430
0.000425
0.000420
0.000414
0.000409
0.000404
0.000399
0.000394
0.000389
0.000384
0.000379
0.000375
0.000370
0.000365
0.000361
0.000356
0.000352
0.000347
0.000343
0.000339
0.000335
0.000330
0.000326
0.000322
0.000318
0.000314
0.000310
0.000306
0.000302
0.000299
0.000295
0.000291
0.000288
0.000284
0.000280
0.000277
0.000273
0.000270
0.000267
0.000263
0.000260
0.000257
0.000253
0.000250
0.000247
0.000244
0.000241
0.000238
0.000235
0.000232
0.000229
0.000226
0.000223
0.000221
0.000218
0.000215
0.000212
0.000210
0.000207
0.000205
0.000202
0.000199
0.000197
0.000194
0.000192
0.000190
0.000187
0.000185
0.000183
0.000180
0.000178
0.000176
0.000174
0.000171
0.000169
0.000167
0.000165
0.000163
0.000161
0.000159
0.000157
0.000155
0.000153
0.000151
0.000149
0.000147
0.000146
