21.400809
32.605571
37.584556
39.641915
40.330090
40.378469
40.129717
39.744794
39.299286
38.828665
38.349554
37.869723
37.392782
36.920383
36.453266
35.991736
35.535897
35.085762
34.641294
34.202443
33.769143
33.341330
32.918936
32.501892
32.090132
31.683588
31.282195
30.885888
30.494601
30.108273
29.726838
29.350237
28.978406
28.611287
28.248819
27.890943
27.537602
27.188737
26.844292
26.504211
26.168439
25.836921
25.509602
25.186431
24.867355
24.552320
24.241278
23.934175
23.630964
23.331594
23.036017
22.744185
22.456050
22.171566
21.890686
21.613364
21.339556
21.069217
20.802303
20.538770
20.278577
20.021679
19.768037
19.517608
19.270351
19.026228
18.785197
18.547219
18.312257
18.080272
17.851225
17.625081
17.401801
17.181350
16.963692
16.748792
16.536614
16.327125
16.120289
15.916074
15.714446
15.515373
15.318821
15.124760
14.933157
14.743982
14.557203
14.372791
14.190715
14.010945
13.833454
13.658210
13.485187
13.314356
13.145689
12.979159
12.814739
12.652402
12.492121
12.333871
12.177626
12.023361
11.871049
11.720668
11.572191
11.425595
11.280857
11.137952
10.996858
10.857551
10.720009
10.584210
10.450131
10.317750
10.187047
10.057999
9.930587
9.804788
9.680583
9.557952
9.436874
9.317330
9.199301
9.082767
8.967709
8.854109
8.741948
8.631207
8.521870
8.413918
8.307334
8.202099
8.098198
7.995613
7.894328
7.794326
7.695591
7.598107
7.501857
7.406827
7.313001
7.220363
7.128899
7.038594
6.949433
6.861401
6.774484
6.688669
6.603941
6.520286
6.437690
6.356142
6.275626
6.196130
6.117641
6.040147
5.963634
5.888091
5.813504
5.739863
5.667154
5.595367
5.524489
5.454508
5.385415
5.317196
5.249842
5.183341
5.117683
5.052856
4.988850
4.925656
4.863261
4.801658
4.740834
4.680781
4.621489
4.562948
4.505149
4.448082
4.391738
4.336107
4.281181
4.226951
4.173408
4.120544
4.068349
4.016815
3.965934
3.915697
3.866097
3.817126
3.768774
3.721035
3.673901
3.627364
3.581417
3.536051
3.491261
3.447037
3.403374
3.360264
3.317700
3.275675
3.234183
3.193216
3.152768
3.112833
3.073403
3.034473
2.996036
2.958086
2.920617
2.883622
2.847096
2.811033
2.775426
2.740271
2.705561
2.671290
2.637454
2.604046
2.571062
2.538495
2.506341
2.474594
2.443250
2.412302
2.381746
2.351578
2.321792
2.292383
2.263346
2.234677
2.206372
2.178425
2.150832
2.123588
2.096690
2.070133
2.043911
2.018022
1.992461
1.967224
1.942306
1.917704
1.893414
1.869431
1.845752
1.822374
1.799291
1.776500
1.753999
1.731782
1.709847
1.688189
1.666806
1.645694
1.624850
1.604269
1.583949
1.563886
1.544078
1.524520
1.505210
1.486145
1.467321
1.448736
1.430386
1.412269
1.394381
1.376719
1.359282
1.342065
1.325066
1.308283
1.291712
1.275351
1.259198
1.243249
1.227502
1.211954
1.196604
1.181448
1.166483
1.151709
1.137121
1.122719
1.108498
1.094458
1.080596
1.066909
1.053396
1.040054
1.026881
1.013874
1.001033
0.988354
0.975836
0.963476
0.951273
0.939224
0.927328
0.915583
0.903986
0.892537
0.881232
0.870071
0.859051
0.848170
0.837428
0.826821
0.816349
0.806009
0.795801
0.785721
0.775770
0.765944
0.756243
0.746665
0.737208
0.727871
0.718652
0.709550
0.700563
0.691690
0.682929
0.674280
0.665740
0.657308
0.648983
0.640763
0.632647
0.624635
0.616723
0.608912
0.601200
0.593586
0.586068
0.578645
0.571316
0.564081
0.556936
0.549882
0.542918
0.536042
0.529253
0.522550
0.515931
0.509397
0.502945
0.496575
0.490286
0.484077
0.477946
0.471892
0.465916
0.460015
0.454189
0.448436
0.442757
0.437149
0.431613
0.426146
0.420749
0.415420
0.410159
0.404964
0.399836
0.394772
0.389772
0.384835
0.379961
0.375149
0.370398
0.365707
0.361075
0.356502
0.351987
0.347529
0.343128
0.338782
0.334492
0.330255
0.326073
0.321943
0.317866
0.313840
0.309865
0.305941
0.302066
0.298241
0.294463
0.290734
0.287052
0.283417
0.279827
0.276283
0.272784
0.269329
0.265918
0.262551
0.259226
0.255943
0.252701
0.249501
0.246341
0.243221
0.240141
0.237100
0.234097
0.231132
0.228205
0.225315
0.222461
0.219644
0.216862
0.214116
0.211404
0.208727
0.206083
0.203473
0.200897
0.198352
0.195840
0.193360
0.190911
0.188493
0.186106
0.183749
0.181422
0.179125
0.176856
0.174616
0.172405
0.170222
0.168066
0.165938
0.163836
0.161761
0.159713
0.157690
0.155693
0.153721
0.151774
0.149852
0.147955
0.146081
0.144231
0.142404
0.140601
0.138820
0.137062
0.135326
0.133613
0.131921
0.130250
0.128600
0.126972
0.125364
0.123776
0.122209
0.120661
0.119133
0.117624
0.116135
0.114664
0.113212
0.111778
0.110363
0.108965
0.107585
0.106223
0.104877
0.103549
0.102238
0.100943
0.099665
0.098403
0.097157
0.095926
0.094711
0.093512
0.092328
0.091159
0.090004
0.088864
0.087739
0.086628
0.085531
0.084448
0.083378
0.082322
0.081280
0.080251
0.079234
0.078231
0.077240
0.076262
0.075296
0.074343
0.073401
0.072472
0.071554
0.070648
0.069753
0.068870
0.067998
0.067137
0.066287
0.065447
0.064618
0.063800
0.062992
0.062194
0.061407
0.060629
0.059862
0.059103
0.058355
0.057616
0.056886
0.056166
0.055455
0.054753
0.054059
0.053375
0.052699
0.052031
0.051372
0.050722
0.050080
0.049445
0.048819
0.048201
0.047591
0.046988
0.046393
0.045806
0.045226
0.044653
0.044087
0.043529
0.042978
0.042434
0.041896
0.041366
0.040842
0.040325
0.039814
0.039310
0.038812
0.038321
0.037835
0.037356
0.036883
0.036416
0.035955
0.035500
0.035050
0.034606
0.034168
0.033736
0.033308
0.032887
0.032470
0.032059
0.031653
0.031252
0.030856
0.030466
0.030080
0.029699
0.029323
0.028952
0.028585
0.028223
0.027866
0.027513
0.027164
0.026820
0.026481
0.026146
0.025814
0.025488
0.025165
0.024846
0.024532
0.024221
0.023914
0.023611
0.023312
0.023017
0.022726
0.022438
0.022154
0.021873
0.021596
0.021323
0.021053
0.020786
0.020523
0.020263
0.020007
0.019753
0.019503
0.019256
0.019012
0.018772
0.018534
0.018299
0.018068
0.017839
0.017613
0.017390
0.017170
0.016952
0.016738
0.016526
0.016316
0.016110
0.015906
0.015704
0.015506
0.015309
0.015115
0.014924
0.014735
0.014548
0.014364
0.014182
0.014003
0.013825
0.013650
0.013478
0.013307
0.013138
0.012972
0.012808
0.012646
0.012485
0.012327
0.012171
0.012017
0.011865
0.011715
0.011566
0.011420
0.011275
0.011133
0.010992
0.010853
0.010715
0.010579
0.010445
0.010313
0.010183
0.010054
0.009926
0.009801
0.009677
0.009554
0.009433
0.009314
0.009196
0.009079
0.008964
0.008851
0.008739
0.008628
0.008519
0.008411
0.008305
0.008199
0.008096
0.007993
0.007892
0.007792
0.007693
0.007596
0.007500
0.007405
0.007311
0.007218
0.007127
0.007037
0.006948
0.006860
0.006773
0.006687
0.006602
0.006519
0.006436
0.006355
0.006274
0.006195
0.006116
0.006039
0.005963
0.005887
0.005812
0.005739
0.005666
0.005594
0.005524
0.005454
0.005385
0.005316
0.005249
0.005183
0.005117
0.005052
0.004988
0.004925
0.004863
0.004801
0.004740
0.004680
0.004621
0.004563
0.004505
0.004448
0.004392
0.004336
0.004281
0.004227
0.004173
0.004120
0.004068
0.004017
0.003966
0.003916
0.003866
0.003817
0.003769
0.003721
0.003674
0.003628
0.003582
0.003536
0.003491
0.003447
0.003404
0.003361
0.003318
0.003276
0.003234
0.003194
0.003153
0.003113
0.003074
0.003035
0.002996
0.002958
0.002921
0.002884
0.002848
0.002811
0.002776
0.002741
0.002706
0.002672
0.002638
0.002605
0.002572
0.002539
0.002507
0.002475
0.002444
0.002413
0.002382
0.002352
0.002322
0.002293
0.002264
0.002235
0.002207
0.002179
0.002151
0.002124
0.002097
0.002071
0.002045
0.002019
0.001993
0.001968
0.001943
0.001918
0.001894
0.001870
0.001846
0.001823
0.001800
0.001777
0.001755
0.001732
0.001711
0.001689
0.001667
0.001646
0.001626
0.001605
0.001585
0.001565
0.001545
0.001525
0.001506
0.001487
0.001468
0.001449
0.001431
0.001413
0.001395
0.001377
0.001360
0.001343
0.001326
0.001309
0.001292
0.001276
0.001260
0.001244
0.001228
0.001213
0.001197
0.001182
0.001167
0.001152
0.001138
0.001123
0.001109
0.001095
0.001081
0.001068
0.001054
0.001041
0.001028
0.001015
0.001002
0.000989
0.000976
0.000964
0.000952
0.000940
0.000928
0.000916
0.000905
0.000893
0.000882
0.000871
0.000860
0.000849
0.000838
0.000827
0.000817
0.000807
0.000796
0.000786
0.000776
0.000767
0.000757
0.000747
0.000738
0.000728
0.000719
0.000710
0.000701
0.000692
0.000683
0.000675
0.000666
0.000658
0.000650
0.000641
0.000633
0.000625
0.000617
0.000609
0.000602
0.000594
0.000587
0.000579
0.000572
0.000565
0.000557
0.000550
0.000543
0.000537
0.000530
0.000523
0.000516
0.000510
0.000503
0.000497
0.000491
0.000485
0.000478
0.000472
0.000466
0.000460
0.000455
0.000449
0.000443
0.000438
0.000432
0.000427
0.000421
0.000416
0.000411
0.000405
0.000400
0.000395
0.000390
0.000385
0.000380
0.000376
0.000371
0.000366
0.000361
0.000357
0.000352
0.000348
0.000344
0.000339
0.000335
0.000331
0.000326
0.000322
0.000318
0.000314
0.000310
0.000306
0.000302
0.000299
0.000295
0.000291
0.000287
0.000284
0.000280
0.000277
0.000273
0.000270
0.000266
0.000263
0.000260
0.000256
0.000253
0.000250
0.000247
0.000244
0.000240
0.000237
0.000234
0.000231
0.000228
0.000226
0.000223
0.000220
0.000217
0.000214
0.000212
0.000209
0.000206
0.000204
0.000201
0.000199
0.000196
0.000194
0.000191
0.000189
0.000186
0.000184
0.000182
0.000179
0.000177
0.000175
0.000173
0.000170
0.000168
0.000166
0.000164
0.000162
0.000160
0.000158
0.000156
0.000154
0.000152
0.000150
0.000148
0.000146
0.000144
0.000143
0.000141
0.000139
0.000137
0.000136
0.000134
0.000132
0.000130
0.000129
