21.087659
32.420212
37.304446
39.251925
39.863791
39.870079
39.603625
39.216152
38.776799
38.317051
37.851225
37.385808
36.923719
36.466250
36.013951
35.567036
35.125563
34.689523
34.258875
33.833563
33.413528
32.998705
32.589032
32.184444
31.784880
31.390276
31.000572
30.615706
30.235618
29.860249
29.489541
29.123435
28.761874
28.404803
28.052165
27.703904
27.359968
27.020302
26.684853
26.353569
26.026397
25.703288
25.384191
25.069055
24.757831
24.450472
24.146928
23.847153
23.551100
23.258723
22.969975
22.684813
22.403190
22.125065
21.850392
21.579129
21.311234
21.046666
20.785381
20.527341
20.272505
20.020832
19.772284
19.526821
19.284407
19.045001
18.808568
18.575071
18.344472
18.116736
17.891828
17.669712
17.450353
17.233718
17.019772
16.808483
16.599817
16.393741
16.190224
15.989233
15.790738
15.594707
15.401110
15.209916
15.021096
14.834620
14.650460
14.468585
14.288969
14.111583
13.936398
13.763389
13.592528
13.423788
13.257142
13.092566
12.930033
12.769518
12.610995
12.454441
12.299830
12.147138
11.996342
11.847419
11.700344
11.555095
11.411649
11.269985
11.130079
10.991909
10.855456
10.720696
10.587609
10.456175
10.326372
10.198180
10.071581
9.946552
9.823076
9.701133
9.580704
9.461770
9.344312
9.228313
9.113754
9.000617
8.888884
8.778539
8.669563
8.561941
8.455654
8.350687
8.247023
8.144646
8.043540
7.943690
7.845078
7.747691
7.651513
7.556529
7.462725
7.370084
7.278594
7.188240
7.099007
7.010882
6.923851
6.837901
6.753017
6.669188
6.586399
6.504638
6.423891
6.344148
6.265394
6.187618
6.110807
6.034950
5.960035
5.886050
5.812983
5.740823
5.669559
5.599180
5.529675
5.461032
5.393241
5.326293
5.260175
5.194878
5.130391
5.066705
5.003810
4.941696
4.880352
4.819771
4.759941
4.700854
4.642500
4.584871
4.527957
4.471750
4.416241
4.361421
4.307281
4.253813
4.201009
4.148861
4.097360
4.046498
3.996268
3.946661
3.897670
3.849288
3.801505
3.754317
3.707713
3.661689
3.616235
3.571346
3.527015
3.483233
3.439995
3.397294
3.355123
3.313475
3.272345
3.231725
3.191609
3.151991
3.112865
3.074225
3.036065
2.998378
2.961159
2.924402
2.888101
2.852251
2.816846
2.781881
2.747349
2.713246
2.679567
2.646305
2.613457
2.581016
2.548978
2.517338
2.486091
2.455231
2.424754
2.394656
2.364932
2.335576
2.306585
2.277954
2.249678
2.221753
2.194175
2.166939
2.140041
2.113477
2.087243
2.061334
2.035747
2.010478
1.985523
1.960877
1.936537
1.912499
1.888760
1.865315
1.842162
1.819296
1.796713
1.774411
1.752386
1.730634
1.709153
1.687938
1.666986
1.646294
1.625859
1.605678
1.585748
1.566064
1.546626
1.527428
1.508469
1.489745
1.471253
1.452991
1.434956
1.417145
1.399554
1.382183
1.365026
1.348083
1.331350
1.314825
1.298504
1.282387
1.266469
1.250749
1.235225
1.219892
1.204751
1.189797
1.175029
1.160444
1.146040
1.131815
1.117767
1.103892
1.090191
1.076659
1.063295
1.050097
1.037063
1.024191
1.011478
0.998924
0.986525
0.974280
0.962187
0.950244
0.938449
0.926801
0.915297
0.903937
0.892717
0.881636
0.870693
0.859886
0.849213
0.838673
0.828263
0.817982
0.807830
0.797803
0.787900
0.778121
0.768463
0.758925
0.749505
0.740202
0.731015
0.721941
0.712981
0.704131
0.695391
0.686760
0.678236
0.669818
0.661504
0.653294
0.645185
0.637177
0.629268
0.621458
0.613745
0.606127
0.598604
0.591174
0.583836
0.576590
0.569433
0.562366
0.555386
0.548492
0.541685
0.534961
0.528322
0.521764
0.515288
0.508893
0.502576
0.496338
0.490178
0.484094
0.478086
0.472152
0.466292
0.460504
0.454789
0.449144
0.443569
0.438064
0.432627
0.427257
0.421954
0.416717
0.411545
0.406437
0.401393
0.396411
0.391491
0.386632
0.381833
0.377094
0.372413
0.367791
0.363226
0.358718
0.354266
0.349869
0.345527
0.341238
0.337003
0.332820
0.328689
0.324610
0.320581
0.316602
0.312673
0.308792
0.304960
0.301175
0.297437
0.293745
0.290099
0.286499
0.282943
0.279431
0.275963
0.272538
0.269156
0.265815
0.262516
0.259258
0.256040
0.252862
0.249724
0.246625
0.243564
0.240541
0.237555
0.234607
0.231695
0.228820
0.225980
0.223175
0.220405
0.217670
0.214968
0.212300
0.209665
0.207063
0.204493
0.201955
0.199449
0.196973
0.194529
0.192115
0.189730
0.187375
0.185050
0.182753
0.180485
0.178245
0.176033
0.173848
0.171691
0.169560
0.167455
0.165377
0.163325
0.161298
0.159296
0.157319
0.155366
0.153438
0.151534
0.149653
0.147796
0.145962
0.144150
0.142361
0.140594
0.138849
0.137126
0.135424
0.133744
0.132084
0.130444
0.128826
0.127227
0.125648
0.124088
0.122548
0.121027
0.119525
0.118042
0.116577
0.115130
0.113701
0.112290
0.110897
0.109520
0.108161
0.106819
0.105493
0.104184
0.102891
0.101614
0.100353
0.099107
0.097877
0.096663
0.095463
0.094278
0.093108
0.091953
0.090812
0.089685
0.088572
0.087472
0.086387
0.085315
0.084256
0.083210
0.082178
0.081158
0.080151
0.079156
0.078174
0.077203
0.076245
0.075299
0.074365
0.073442
0.072530
0.071630
0.070741
0.069863
0.068996
0.068140
0.067294
0.066459
0.065634
0.064820
0.064015
0.063221
0.062436
0.061662
0.060896
0.060141
0.059394
0.058657
0.057929
0.057210
0.056500
0.055799
0.055107
0.054423
0.053747
0.053080
0.052422
0.051771
0.051129
0.050494
0.049867
0.049249
0.048637
0.048034
0.047438
0.046849
0.046268
0.045693
0.045126
0.044566
0.044013
0.043467
0.042928
0.042395
0.041869
0.041349
0.040836
0.040329
0.039829
0.039335
0.038846
0.038364
0.037888
0.037418
0.036954
0.036495
0.036042
0.035595
0.035153
0.034717
0.034286
0.033861
0.033440
0.033026
0.032616
0.032211
0.031811
0.031416
0.031027
0.030642
0.030261
0.029886
0.029515
0.029149
0.028787
0.028430
0.028077
0.027728
0.027384
0.027044
0.026709
0.026377
0.026050
0.025727
0.025408
0.025092
0.024781
0.024473
0.024170
0.023870
0.023574
0.023281
0.022992
0.022707
0.022425
0.022147
0.021872
0.021600
0.021332
0.021068
0.020806
0.020548
0.020293
0.020041
0.019793
0.019547
0.019304
0.019065
0.018828
0.018595
0.018364
0.018136
0.017911
0.017689
0.017469
0.017252
0.017038
0.016827
0.016618
0.016412
0.016208
0.016007
0.015808
0.015612
0.015418
0.015227
0.015038
0.014852
0.014667
0.014485
0.014306
0.014128
0.013953
0.013780
0.013609
0.013440
0.013273
0.013108
0.012946
0.012785
0.012626
0.012470
0.012315
0.012162
0.012011
0.011862
0.011715
0.011570
0.011426
0.011284
0.011144
0.011006
0.010869
0.010734
0.010601
0.010470
0.010340
0.010211
0.010085
0.009960
0.009836
0.009714
0.009593
0.009474
0.009357
0.009241
0.009126
0.009013
0.008901
0.008790
0.008681
0.008574
0.008467
0.008362
0.008258
0.008156
0.008055
0.007955
0.007856
0.007759
0.007662
0.007567
0.007473
0.007381
0.007289
0.007199
0.007109
0.007021
0.006934
0.006848
0.006763
0.006679
0.006596
0.006514
0.006433
0.006354
0.006275
0.006197
0.006120
0.006044
0.005969
0.005895
0.005822
0.005750
0.005678
0.005608
0.005538
0.005470
0.005402
0.005335
0.005268
0.005203
0.005139
0.005075
0.005012
0.004950
0.004888
0.004828
0.004768
0.004708
0.004650
0.004592
0.004535
0.004479
0.004424
0.004369
0.004314
0.004261
0.004208
0.004156
0.004104
0.004053
0.004003
0.003953
0.003904
0.003856
0.003808
0.003761
0.003714
0.003668
0.003622
0.003578
0.003533
0.003489
0.003446
0.003403
0.003361
0.003319
0.003278
0.003237
0.003197
0.003158
0.003118
0.003080
0.003042
0.003004
0.002967
0.002930
0.002893
0.002857
0.002822
0.002787
0.002752
0.002718
0.002685
0.002651
0.002618
0.002586
0.002554
0.002522
0.002491
0.002460
0.002429
0.002399
0.002369
0.002340
0.002311
0.002282
0.002254
0.002226
0.002198
0.002171
0.002144
0.002118
0.002091
0.002065
0.002040
0.002014
0.001989
0.001965
0.001940
0.001916
0.001893
0.001869
0.001846
0.001823
0.001800
0.001778
0.001756
0.001734
0.001713
0.001691
0.001670
0.001650
0.001629
0.001609
0.001589
0.001569
0.001550
0.001531
0.001512
0.001493
0.001474
0.001456
0.001438
0.001420
0.001403
0.001385
0.001368
0.001351
0.001334
0.001318
0.001301
0.001285
0.001269
0.001253
0.001238
0.001223
0.001207
0.001192
0.001178
0.001163
0.001149
0.001134
0.001120
0.001106
0.001093
0.001079
0.001066
0.001052
0.001039
0.001026
0.001014
0.001001
0.000989
0.000976
0.000964
0.000952
0.000941
0.000929
0.000917
0.000906
0.000895
0.000884
0.000873
0.000862
0.000851
0.000841
0.000830
0.000820
0.000810
0.000800
0.000790
0.000780
0.000770
0.000761
0.000751
0.000742
0.000733
0.000724
0.000715
0.000706
0.000697
0.000688
0.000680
0.000671
0.000663
0.000655
0.000647
0.000639
0.000631
0.000623
0.000615
0.000608
0.000600
0.000593
0.000585
0.000578
0.000571
0.000564
0.000557
0.000550
0.000543
0.000536
0.000530
0.000523
0.000517
0.000510
0.000504
0.000498
0.000491
0.000485
0.000479
0.000473
0.000467
0.000462
0.000456
0.000450
0.000445
0.000439
0.000434
0.000428
0.000423
0.000418
0.000413
0.000407
0.000402
0.000397
0.000393
0.000388
0.000383
0.000378
0.000373
0.000369
0.000364
0.000360
0.000355
0.000351
0.000346
0.000342
0.000338
0.000334
0.000330
0.000325
0.000321
0.000317
0.000314
0.000310
0.000306
0.000302
0.000298
0.000295
0.000291
0.000287
0.000284
0.000280
0.000277
0.000273
0.000270
0.000267
0.000263
0.000260
0.000257
0.000254
0.000250
0.000247
0.000244
0.000241
0.000238
0.000235
0.000232
0.000229
0.000227
0.000224
0.000221
0.000218
0.000216
0.000213
0.000210
0.000208
0.000205
0.000203
0.000200
0.000198
0.000195
0.000193
0.000190
0.000188
0.000186
0.000183
0.000181
0.000179
0.000177
0.000174
0.000172
0.000170
0.000168
0.000166
0.000164
