20.933347
32.323998
37.159068
39.052741
39.628516
39.615653
39.341702
38.953764
38.517877
38.063668
37.604406
37.146010
36.691104
36.240826
35.795650
35.355754
34.921178
34.491905
34.067892
33.649085
33.235422
32.826844
32.423288
32.024694
31.630999
31.242145
30.858071
30.478719
30.104031
29.733949
29.368418
29.007380
28.650780
28.298565
27.950680
27.607072
27.267688
26.932477
26.601386
26.274367
25.951367
25.632339
25.317232
25.006000
24.698594
24.394967
24.095073
23.798866
23.506300
23.217331
22.931915
22.650008
22.371566
22.096547
21.824910
21.556612
21.291612
21.029871
20.771347
20.516001
20.263795
20.014689
19.768646
19.525627
19.285597
19.048517
18.814351
18.583065
18.354621
18.128987
17.906126
17.686005
17.468590
17.253848
17.041746
16.832251
16.625332
16.420957
16.219094
16.019713
15.822783
15.628274
15.436156
15.246400
15.058977
14.873858
14.691014
14.510419
14.332044
14.155861
13.981845
13.809968
13.640203
13.472526
13.306910
13.143331
12.981762
12.822179
12.664558
12.508875
12.355106
12.203227
12.053216
11.905048
11.758702
11.614155
11.471385
11.330370
11.191089
11.053520
10.917642
10.783435
10.650877
10.519949
10.390631
10.262902
10.136744
10.012136
9.889061
9.767498
9.647430
9.528837
9.411703
9.296009
9.181737
9.068869
8.957390
8.847280
8.738524
8.631106
8.525007
8.420213
8.316708
8.214474
8.113498
8.013763
7.915254
7.817955
7.721853
7.626933
7.533179
7.440578
7.349115
7.258776
7.169549
7.081417
6.994370
6.908392
6.823472
6.739595
6.656749
6.574922
6.494101
6.414273
6.335427
6.257550
6.180630
6.104656
6.029615
5.955497
5.882291
5.809984
5.738566
5.668026
5.598353
5.529537
5.461567
5.394432
5.328122
5.262628
5.197939
5.134045
5.070936
5.008603
4.947037
4.886227
4.826165
4.766841
4.708246
4.650372
4.593209
4.536749
4.480983
4.425902
4.371499
4.317764
4.264690
4.212268
4.160490
4.109350
4.058837
4.008946
3.959668
3.910996
3.862922
3.815439
3.768540
3.722217
3.676464
3.631273
3.586637
3.542551
3.499006
3.455996
3.413516
3.371557
3.330114
3.289181
3.248751
3.208817
3.169375
3.130418
3.091939
3.053934
3.016395
2.979318
2.942697
2.906526
2.870800
2.835512
2.800659
2.766234
2.732232
2.698648
2.665477
2.632714
2.600353
2.568390
2.536821
2.505639
2.474840
2.444420
2.414374
2.384698
2.355386
2.326434
2.297839
2.269594
2.241697
2.214143
2.186928
2.160047
2.133497
2.107273
2.081371
2.055788
2.030519
2.005561
1.980909
1.956561
1.932512
1.908759
1.885297
1.862124
1.839236
1.816629
1.794300
1.772245
1.750462
1.728946
1.707695
1.686705
1.665973
1.645496
1.625270
1.605294
1.585562
1.566074
1.546824
1.527812
1.509033
1.490485
1.472165
1.454070
1.436198
1.418545
1.401109
1.383888
1.366878
1.350077
1.333483
1.317093
1.300904
1.284915
1.269122
1.253523
1.238115
1.222897
1.207867
1.193020
1.178357
1.163873
1.149568
1.135439
1.121483
1.107698
1.094084
1.080636
1.067354
1.054235
1.041277
1.028479
1.015838
1.003352
0.991020
0.978839
0.966808
0.954925
0.943188
0.931595
0.920145
0.908836
0.897665
0.886632
0.875735
0.864971
0.854340
0.843839
0.833467
0.823223
0.813105
0.803111
0.793240
0.783491
0.773861
0.764350
0.754955
0.745676
0.736511
0.727459
0.718518
0.709687
0.700964
0.692348
0.683839
0.675434
0.667132
0.658933
0.650834
0.642835
0.634934
0.627130
0.619422
0.611809
0.604290
0.596862
0.589527
0.582281
0.575124
0.568056
0.561074
0.554178
0.547367
0.540639
0.533994
0.527431
0.520949
0.514546
0.508222
0.501976
0.495806
0.489712
0.483694
0.477749
0.471877
0.466077
0.460349
0.454691
0.449103
0.443583
0.438131
0.432746
0.427428
0.422174
0.416986
0.411861
0.406799
0.401799
0.396861
0.391983
0.387166
0.382407
0.377707
0.373065
0.368480
0.363951
0.359478
0.355060
0.350696
0.346386
0.342129
0.337924
0.333771
0.329669
0.325617
0.321615
0.317662
0.313758
0.309902
0.306093
0.302331
0.298616
0.294945
0.291321
0.287740
0.284204
0.280711
0.277261
0.273853
0.270488
0.267163
0.263880
0.260637
0.257433
0.254270
0.251145
0.248058
0.245009
0.241998
0.239024
0.236086
0.233185
0.230319
0.227488
0.224693
0.221931
0.219204
0.216510
0.213849
0.211220
0.208625
0.206061
0.203528
0.201027
0.198556
0.196116
0.193706
0.191325
0.188974
0.186651
0.184357
0.182092
0.179854
0.177643
0.175460
0.173304
0.171174
0.169070
0.166992
0.164940
0.162913
0.160911
0.158933
0.156980
0.155051
0.153145
0.151263
0.149404
0.147568
0.145754
0.143963
0.142194
0.140446
0.138720
0.137015
0.135332
0.133668
0.132026
0.130403
0.128800
0.127218
0.125654
0.124110
0.122585
0.121078
0.119590
0.118120
0.116669
0.115235
0.113819
0.112420
0.111038
0.109674
0.108326
0.106995
0.105680
0.104381
0.103098
0.101831
0.100580
0.099344
0.098123
0.096917
0.095726
0.094549
0.093387
0.092240
0.091106
0.089987
0.088881
0.087788
0.086710
0.085644
0.084591
0.083552
0.082525
0.081511
0.080509
0.079520
0.078543
0.077577
0.076624
0.075682
0.074752
0.073834
0.072926
0.072030
0.071145
0.070270
0.069407
0.068554
0.067711
0.066879
0.066057
0.065246
0.064444
0.063652
0.062870
0.062097
0.061334
0.060580
0.059836
0.059100
0.058374
0.057657
0.056948
0.056248
0.055557
0.054874
0.054200
0.053534
0.052876
0.052226
0.051584
0.050951
0.050324
0.049706
0.049095
0.048492
0.047896
0.047307
0.046726
0.046152
0.045585
0.045024
0.044471
0.043925
0.043385
0.042852
0.042325
0.041805
0.041291
0.040784
0.040283
0.039788
0.039299
0.038816
0.038339
0.037868
0.037402
0.036943
0.036489
0.036040
0.035597
0.035160
0.034728
0.034301
0.033879
0.033463
0.033052
0.032646
0.032245
0.031848
0.031457
0.031070
0.030689
0.030311
0.029939
0.029571
0.029208
0.028849
0.028494
0.028144
0.027798
0.027457
0.027119
0.026786
0.026457
0.026132
0.025811
0.025493
0.025180
0.024871
0.024565
0.024263
0.023965
0.023671
0.023380
0.023092
0.022809
0.022528
0.022252
0.021978
0.021708
0.021441
0.021178
0.020918
0.020660
0.020407
0.020156
0.019908
0.019664
0.019422
0.019183
0.018947
0.018715
0.018485
0.018258
0.018033
0.017812
0.017593
0.017377
0.017163
0.016952
0.016744
0.016538
0.016335
0.016134
0.015936
0.015740
0.015547
0.015356
0.015167
0.014980
0.014796
0.014615
0.014435
0.014258
0.014082
0.013909
0.013738
0.013570
0.013403
0.013238
0.013076
0.012915
0.012756
0.012599
0.012445
0.012292
0.012141
0.011991
0.011844
0.011699
0.011555
0.011413
0.011273
0.011134
0.010997
0.010862
0.010729
0.010597
0.010467
0.010338
0.010211
0.010085
0.009962
0.009839
0.009718
0.009599
0.009481
0.009364
0.009249
0.009136
0.009023
0.008912
0.008803
0.008695
0.008588
0.008482
0.008378
0.008275
0.008174
0.008073
0.007974
0.007876
0.007779
0.007684
0.007589
0.007496
0.007404
0.007313
0.007223
0.007134
0.007047
0.006960
0.006874
0.006790
0.006707
0.006624
0.006543
0.006462
0.006383
0.006305
0.006227
0.006151
0.006075
0.006000
0.005927
0.005854
0.005782
0.005711
0.005641
0.005571
0.005503
0.005435
0.005368
0.005302
0.005237
0.005173
0.005109
0.005047
0.004985
0.004923
0.004863
0.004803
0.004744
0.004686
0.004628
0.004571
0.004515
0.004460
0.004405
0.004351
0.004297
0.004245
0.004192
0.004141
0.004090
0.004040
0.003990
0.003941
0.003893
0.003845
0.003798
0.003751
0.003705
0.003659
0.003614
0.003570
0.003526
0.003483
0.003440
0.003398
0.003356
0.003315
0.003274
0.003234
0.003194
0.003155
0.003116
0.003078
0.003040
0.003003
0.002966
0.002929
0.002893
0.002858
0.002823
0.002788
0.002754
0.002720
0.002686
0.002653
0.002621
0.002589
0.002557
0.002525
0.002494
0.002464
0.002433
0.002403
0.002374
0.002345
0.002316
0.002288
0.002259
0.002232
0.002204
0.002177
0.002150
0.002124
0.002098
0.002072
0.002047
0.002022
0.001997
0.001972
0.001948
0.001924
0.001900
0.001877
0.001854
0.001831
0.001809
0.001786
0.001764
0.001743
0.001721
0.001700
0.001679
0.001659
0.001638
0.001618
0.001598
0.001579
0.001559
0.001540
0.001521
0.001503
0.001484
0.001466
0.001448
0.001430
0.001412
0.001395
0.001378
0.001361
0.001344
0.001328
0.001311
0.001295
0.001279
0.001264
0.001248
0.001233
0.001218
0.001203
0.001188
0.001173
0.001159
0.001145
0.001131
0.001117
0.001103
0.001089
0.001076
0.001063
0.001050
0.001037
0.001024
0.001012
0.000999
0.000987
0.000975
0.000963
0.000951
0.000939
0.000928
0.000916
0.000905
0.000894
0.000883
0.000872
0.000861
0.000851
0.000840
0.000830
0.000820
0.000810
0.000800
0.000790
0.000780
0.000771
0.000761
0.000752
0.000743
0.000734
0.000725
0.000716
0.000707
0.000698
0.000690
0.000681
0.000673
0.000664
0.000656
0.000648
0.000640
0.000632
0.000625
0.000617
0.000609
0.000602
0.000594
0.000587
0.000580
0.000573
0.000566
0.000559
0.000552
0.000545
0.000539
0.000532
0.000525
0.000519
0.000513
0.000506
0.000500
0.000494
0.000488
0.000482
0.000476
0.000470
0.000464
0.000459
0.000453
0.000447
0.000442
0.000436
0.000431
0.000426
0.000421
0.000415
0.000410
0.000405
0.000400
0.000395
0.000390
0.000386
0.000381
0.000376
0.000372
0.000367
0.000363
0.000358
0.000354
0.000349
0.000345
0.000341
0.000337
0.000333
0.000328
0.000324
0.000320
0.000316
0.000313
0.000309
0.000305
0.000301
0.000297
0.000294
0.000290
0.000287
0.000283
0.000280
0.000276
0.000273
0.000269
0.000266
0.000263
0.000260
0.000256
0.000253
0.000250
0.000247
0.000244
0.000241
0.000238
0.000235
0.000232
0.000229
0.000227
0.000224
0.000221
0.000218
0.000216
0.000213
0.000210
0.000208
0.000205
0.000203
0.000200
0.000198
0.000195
0.000193
0.000191
0.000188
0.000186
0.000184
