20.780533
32.225583
37.010470
38.851157
39.392192
39.361366
39.080741
38.692811
38.260603
37.811971
37.359204
36.907701
36.459816
36.016553
35.578319
35.145258
34.717398
34.294716
33.877166
33.464695
33.057243
32.654751
32.257159
31.864408
31.476440
31.093195
30.714617
30.340649
29.971234
29.606317
29.245843
28.889759
28.538010
28.190545
27.847310
27.508254
27.173327
26.842478
26.515658
26.192816
25.873906
25.558879
25.247688
24.940286
24.636627
24.336665
24.040355
23.747654
23.458516
23.172899
22.890760
22.612056
22.336745
22.064787
21.796140
21.530764
21.268620
21.009667
20.753867
20.501182
20.251574
20.005004
19.761437
19.520836
19.283164
19.048386
18.816467
18.587372
18.361066
18.137515
17.916686
17.698547
17.483063
17.270203
17.059935
16.852226
16.647047
16.444367
16.244153
16.046378
15.851011
15.658023
15.467384
15.279066
15.093042
14.909282
14.727760
14.548448
14.371319
14.196347
14.023506
13.852769
13.684110
13.517505
13.352929
13.190357
13.029764
12.871126
12.714420
12.559622
12.406709
12.255657
12.106445
11.959049
11.813448
11.669620
11.527543
11.387196
11.248557
11.111607
10.976324
10.842688
10.710680
10.580278
10.451465
10.324219
10.198523
10.074358
9.951704
9.830543
9.710858
9.592630
9.475842
9.360475
9.246513
9.133939
9.022735
8.912885
8.804373
8.697181
8.591295
8.486699
8.383375
8.281310
8.180487
8.080892
7.982510
7.885325
7.789324
7.694491
7.600813
7.508276
7.416865
7.326567
7.237369
7.149257
7.062217
6.976237
6.891304
6.807405
6.724528
6.642660
6.561788
6.481901
6.402987
6.325033
6.248029
6.171962
6.096821
6.022595
5.949273
5.876844
5.805296
5.734619
5.664803
5.595837
5.527711
5.460414
5.393937
5.328269
5.263400
5.199321
5.136022
5.073494
5.011727
4.950713
4.890441
4.830903
4.772090
4.713992
4.656603
4.599911
4.543911
4.488592
4.433946
4.379966
4.326643
4.273969
4.221936
4.170537
4.119764
4.069609
4.020064
3.971123
3.922778
3.875021
3.827845
3.781244
3.735211
3.689738
3.644818
3.600445
3.556613
3.513314
3.470542
3.428291
3.386555
3.345327
3.304600
3.264369
3.224629
3.185372
3.146593
3.108286
3.070445
3.033065
2.996141
2.959665
2.923634
2.888042
2.852883
2.818152
2.783843
2.749953
2.716475
2.683405
2.650737
2.618467
2.586590
2.555101
2.523995
2.493268
2.462915
2.432932
2.403313
2.374056
2.345154
2.316605
2.288402
2.260544
2.233024
2.205840
2.178986
2.152459
2.126256
2.100371
2.074801
2.049543
2.024592
1.999945
1.975598
1.951548
1.927790
1.904322
1.881139
1.858238
1.835617
1.813270
1.791196
1.769391
1.747851
1.726573
1.705554
1.684791
1.664281
1.644021
1.624007
1.604237
1.584707
1.565416
1.546359
1.527534
1.508938
1.490569
1.472424
1.454499
1.436792
1.419301
1.402023
1.384956
1.368096
1.351441
1.334990
1.318738
1.302684
1.286826
1.271161
1.255686
1.240400
1.225300
1.210384
1.195650
1.181094
1.166716
1.152513
1.138483
1.124624
1.110934
1.097410
1.084051
1.070854
1.057818
1.044941
1.032220
1.019655
1.007242
0.994981
0.982868
0.970904
0.959084
0.947409
0.935876
0.924483
0.913229
0.902112
0.891131
0.880283
0.869567
0.858981
0.848525
0.838196
0.827992
0.817913
0.807956
0.798121
0.788405
0.778808
0.769327
0.759962
0.750711
0.741572
0.732545
0.723627
0.714819
0.706117
0.697521
0.689030
0.680643
0.672357
0.664173
0.656088
0.648101
0.640212
0.632418
0.624720
0.617115
0.609603
0.602182
0.594852
0.587611
0.580458
0.573392
0.566412
0.559517
0.552706
0.545978
0.539332
0.532766
0.526281
0.519875
0.513546
0.507295
0.501120
0.495020
0.488994
0.483041
0.477161
0.471353
0.465615
0.459947
0.454349
0.448818
0.443354
0.437958
0.432626
0.427360
0.422158
0.417019
0.411943
0.406928
0.401975
0.397082
0.392248
0.387473
0.382757
0.378098
0.373495
0.368949
0.364458
0.360021
0.355639
0.351310
0.347033
0.342809
0.338636
0.334514
0.330442
0.326420
0.322446
0.318521
0.314644
0.310814
0.307031
0.303293
0.299601
0.295954
0.292352
0.288793
0.285278
0.281805
0.278375
0.274987
0.271639
0.268333
0.265066
0.261840
0.258653
0.255504
0.252394
0.249322
0.246287
0.243289
0.240328
0.237402
0.234513
0.231658
0.228838
0.226053
0.223301
0.220583
0.217898
0.215246
0.212626
0.210037
0.207481
0.204955
0.202460
0.199996
0.197562
0.195157
0.192781
0.190435
0.188117
0.185827
0.183565
0.181331
0.179123
0.176943
0.174789
0.172662
0.170560
0.168484
0.166433
0.164407
0.162406
0.160429
0.158476
0.156547
0.154642
0.152760
0.150900
0.149063
0.147249
0.145457
0.143686
0.141937
0.140210
0.138503
0.136817
0.135152
0.133507
0.131882
0.130276
0.128691
0.127124
0.125577
0.124048
0.122538
0.121047
0.119573
0.118118
0.116680
0.115260
0.113857
0.112471
0.111102
0.109750
0.108414
0.107094
0.105791
0.104503
0.103231
0.101975
0.100733
0.099507
0.098296
0.097100
0.095918
0.094750
0.093597
0.092458
0.091332
0.090221
0.089123
0.088038
0.086966
0.085908
0.084862
0.083829
0.082809
0.081801
0.080805
0.079822
0.078850
0.077890
0.076942
0.076006
0.075081
0.074167
0.073264
0.072372
0.071491
0.070621
0.069762
0.068913
0.068074
0.067245
0.066427
0.065618
0.064820
0.064031
0.063251
0.062481
0.061721
0.060970
0.060228
0.059494
0.058770
0.058055
0.057348
0.056650
0.055961
0.055280
0.054607
0.053942
0.053286
0.052637
0.051996
0.051364
0.050738
0.050121
0.049511
0.048908
0.048313
0.047725
0.047144
0.046570
0.046003
0.045443
0.044890
0.044344
0.043804
0.043271
0.042744
0.042224
0.041710
0.041203
0.040701
0.040206
0.039716
0.039233
0.038755
0.038284
0.037818
0.037357
0.036903
0.036454
0.036010
0.035572
0.035139
0.034711
0.034289
0.033871
0.033459
0.033052
0.032649
0.032252
0.031860
0.031472
0.031089
0.030710
0.030337
0.029967
0.029603
0.029242
0.028886
0.028535
0.028187
0.027844
0.027506
0.027171
0.026840
0.026513
0.026191
0.025872
0.025557
0.025246
0.024939
0.024635
0.024335
0.024039
0.023747
0.023458
0.023172
0.022890
0.022611
0.022336
0.022064
0.021796
0.021531
0.021269
0.021010
0.020754
0.020501
0.020252
0.020005
0.019762
0.019521
0.019284
0.019049
0.018817
0.018588
0.018362
0.018138
0.017918
0.017700
0.017484
0.017271
0.017061
0.016854
0.016648
0.016446
0.016246
0.016048
0.015853
0.015660
0.015469
0.015281
0.015095
0.014911
0.014730
0.014550
0.014373
0.014198
0.014026
0.013855
0.013686
0.013520
0.013355
0.013193
0.013032
0.012873
0.012717
0.012562
0.012409
0.012258
0.012109
0.011962
0.011816
0.011672
0.011530
0.011390
0.011251
0.011114
0.010979
0.010845
0.010713
0.010583
0.010454
0.010327
0.010201
0.010077
0.009954
0.009833
0.009714
0.009595
0.009479
0.009363
0.009249
0.009137
0.009026
0.008916
0.008807
0.008700
0.008594
0.008490
0.008386
0.008284
0.008183
0.008084
0.007985
0.007888
0.007792
0.007697
0.007604
0.007511
0.007420
0.007329
0.007240
0.007152
0.007065
0.006979
0.006894
0.006810
0.006727
0.006645
0.006565
0.006485
0.006406
0.006328
0.006251
0.006175
0.006100
0.006025
0.005952
0.005880
0.005808
0.005737
0.005668
0.005599
0.005530
0.005463
0.005397
0.005331
0.005266
0.005202
0.005139
0.005076
0.005014
0.004953
0.004893
0.004834
0.004775
0.004717
0.004659
0.004602
0.004546
0.004491
0.004436
0.004382
0.004329
0.004276
0.004224
0.004173
0.004122
0.004072
0.004023
0.003974
0.003925
0.003877
0.003830
0.003784
0.003738
0.003692
0.003647
0.003603
0.003559
0.003516
0.003473
0.003431
0.003389
0.003348
0.003307
0.003267
0.003227
0.003188
0.003149
0.003110
0.003073
0.003035
0.002998
0.002962
0.002926
0.002890
0.002855
0.002820
0.002786
0.002752
0.002719
0.002685
0.002653
0.002620
0.002589
0.002557
0.002526
0.002495
0.002465
0.002435
0.002405
0.002376
0.002347
0.002318
0.002290
0.002262
0.002235
0.002208
0.002181
0.002154
0.002128
0.002102
0.002077
0.002051
0.002026
0.002002
0.001977
0.001953
0.001929
0.001906
0.001883
0.001860
0.001837
0.001815
0.001793
0.001771
0.001749
0.001728
0.001707
0.001686
0.001666
0.001646
0.001626
0.001606
0.001586
0.001567
0.001548
0.001529
0.001510
0.001492
0.001474
0.001456
0.001438
0.001421
0.001403
0.001386
0.001369
0.001353
0.001336
0.001320
0.001304
0.001288
0.001272
0.001257
0.001242
0.001227
0.001212
0.001197
0.001182
0.001168
0.001154
0.001140
0.001126
0.001112
0.001099
0.001085
0.001072
0.001059
0.001046
0.001033
0.001021
0.001008
0.000996
0.000984
0.000972
0.000960
0.000948
0.000937
0.000926
0.000914
0.000903
0.000892
0.000881
0.000871
0.000860
0.000850
0.000839
0.000829
0.000819
0.000809
0.000799
0.000789
0.000780
0.000770
0.000761
0.000752
0.000742
0.000733
0.000725
0.000716
0.000707
0.000698
0.000690
0.000681
0.000673
0.000665
0.000657
0.000649
0.000641
0.000633
0.000626
0.000618
0.000610
0.000603
0.000596
0.000588
0.000581
0.000574
0.000567
0.000560
0.000553
0.000547
0.000540
0.000533
0.000527
0.000521
0.000514
0.000508
0.000502
0.000496
0.000490
0.000484
0.000478
0.000472
0.000466
0.000461
0.000455
0.000449
0.000444
0.000439
0.000433
0.000428
0.000423
0.000418
0.000413
0.000407
0.000403
0.000398
0.000393
0.000388
0.000383
0.000379
0.000374
0.000369
0.000365
0.000361
0.000356
0.000352
0.000348
0.000343
0.000339
0.000335
0.000331
0.000327
0.000323
0.000319
0.000315
0.000311
0.000307
0.000304
0.000300
0.000296
0.000293
0.000289
0.000286
0.000282
0.000279
0.000275
0.000272
0.000269
0.000265
0.000262
0.000259
0.000256
0.000253
0.000250
0.000247
0.000244
0.000241
0.000238
0.000235
0.000232
0.000229
0.000226
0.000224
0.000221
0.000218
0.000216
0.000213
0.000210
0.000208
0.000205
