20.629208
32.125082
36.858883
38.647448
39.155067
39.107415
38.820881
38.433388
38.005039
37.562003
37.115654
36.670913
36.229891
35.793471
35.362002
34.935601
34.514283
34.098021
33.686769
33.280472
32.879074
32.482516
32.090741
31.703692
31.321311
30.943542
30.570329
30.201618
29.837354
29.477484
29.121955
28.770714
28.423709
28.080890
27.742206
27.407607
27.077044
26.750467
26.427830
26.109085
25.794184
25.483081
25.175731
24.872087
24.572106
24.275744
23.982956
23.693699
23.407931
23.125611
22.846695
22.571143
22.298915
22.029971
21.764270
21.501774
21.242445
20.986243
20.733131
20.483072
20.236029
19.991966
19.750847
19.512636
19.277298
19.044799
18.815104
18.588179
18.363991
18.142508
17.923695
17.707522
17.493956
17.282967
17.074522
16.868591
16.665144
16.464150
16.265581
16.069407
15.875599
15.684129
15.494968
15.308089
15.123463
14.941065
14.760866
14.582841
14.406963
14.233206
14.061545
13.891954
13.724409
13.558885
13.395357
13.233801
13.074194
12.916513
12.760732
12.606831
12.454786
12.304575
12.156175
12.009566
11.864725
11.721630
11.580262
11.440598
11.302619
11.166305
11.031634
10.898587
10.767146
10.637289
10.508999
10.382256
10.257042
10.133338
10.011126
9.890388
9.771106
9.653263
9.536841
9.421823
9.308193
9.195933
9.085027
8.975459
8.867212
8.760270
8.654619
8.550242
8.447123
8.345249
8.244603
8.145171
8.046938
7.949890
7.854012
7.759291
7.665712
7.573262
7.481927
7.391693
7.302548
7.214478
7.127470
7.041511
6.956589
6.872692
6.789806
6.707920
6.627022
6.547099
6.468140
6.390133
6.313068
6.236932
6.161714
6.087403
6.013988
5.941459
5.869805
5.799015
5.729078
5.659985
5.591726
5.524289
5.457666
5.391847
5.326821
5.262580
5.199113
5.136412
5.074467
5.013269
4.952809
4.893078
4.834068
4.775769
4.718174
4.661273
4.605059
4.549522
4.494655
4.440450
4.386899
4.333993
4.281726
4.230089
4.179075
4.128676
4.078885
4.029694
3.981096
3.933085
3.885653
3.838793
3.792498
3.746761
3.701576
3.656936
3.612834
3.569264
3.526219
3.483694
3.441682
3.400176
3.359171
3.318660
3.278638
3.239099
3.200036
3.161445
3.123319
3.085652
3.048441
3.011677
2.975358
2.939476
2.904027
2.869005
2.834406
2.800224
2.766455
2.733093
2.700133
2.667570
2.635400
2.603619
2.572220
2.541200
2.510554
2.480278
2.450367
2.420817
2.391623
2.362781
2.334287
2.306137
2.278326
2.250851
2.223707
2.196890
2.170397
2.144223
2.118365
2.092819
2.067580
2.042647
2.018013
1.993677
1.969635
1.945882
1.922416
1.899233
1.876329
1.853702
1.831348
1.809263
1.787444
1.765889
1.744593
1.723555
1.702770
1.682236
1.661949
1.641907
1.622107
1.602546
1.583220
1.564128
1.545265
1.526631
1.508221
1.490033
1.472064
1.454312
1.436774
1.419448
1.402331
1.385420
1.368713
1.352207
1.335901
1.319791
1.303875
1.288152
1.272618
1.257271
1.242109
1.227131
1.212333
1.197713
1.183270
1.169000
1.154903
1.140976
1.127217
1.113624
1.100195
1.086927
1.073820
1.060871
1.048078
1.035439
1.022953
1.010617
0.998430
0.986390
0.974495
0.962744
0.951134
0.939664
0.928333
0.917138
0.906079
0.895152
0.884358
0.873693
0.863158
0.852749
0.842466
0.832306
0.822270
0.812354
0.802558
0.792880
0.783319
0.773873
0.764541
0.755322
0.746213
0.737215
0.728325
0.719542
0.710865
0.702293
0.693824
0.685458
0.677192
0.669026
0.660958
0.652988
0.645114
0.637335
0.629649
0.622056
0.614555
0.607144
0.599823
0.592590
0.585444
0.578385
0.571410
0.564520
0.557712
0.550987
0.544343
0.537779
0.531294
0.524887
0.518558
0.512305
0.506127
0.500024
0.493994
0.488038
0.482153
0.476338
0.470595
0.464920
0.459314
0.453775
0.448303
0.442897
0.437557
0.432280
0.427068
0.421918
0.416830
0.411804
0.406838
0.401932
0.397086
0.392297
0.387567
0.382894
0.378276
0.373715
0.369209
0.364757
0.360358
0.356013
0.351720
0.347479
0.343289
0.339149
0.335060
0.331019
0.327028
0.323085
0.319189
0.315340
0.311537
0.307781
0.304069
0.300403
0.296781
0.293202
0.289666
0.286174
0.282723
0.279314
0.275946
0.272618
0.269331
0.266083
0.262875
0.259705
0.256573
0.253480
0.250423
0.247404
0.244420
0.241473
0.238561
0.235685
0.232843
0.230035
0.227261
0.224521
0.221814
0.219139
0.216497
0.213886
0.211307
0.208759
0.206242
0.203755
0.201298
0.198871
0.196473
0.194104
0.191763
0.189451
0.187167
0.184910
0.182680
0.180477
0.178301
0.176151
0.174027
0.171929
0.169856
0.167808
0.165784
0.163785
0.161810
0.159859
0.157932
0.156027
0.154146
0.152287
0.150451
0.148637
0.146845
0.145074
0.143325
0.141597
0.139889
0.138203
0.136536
0.134890
0.133263
0.131657
0.130069
0.128501
0.126951
0.125421
0.123908
0.122414
0.120938
0.119480
0.118039
0.116616
0.115210
0.113821
0.112448
0.111092
0.109753
0.108430
0.107122
0.105830
0.104554
0.103294
0.102048
0.100818
0.099602
0.098401
0.097215
0.096043
0.094885
0.093740
0.092610
0.091494
0.090390
0.089300
0.088224
0.087160
0.086109
0.085071
0.084045
0.083032
0.082030
0.081041
0.080064
0.079099
0.078145
0.077203
0.076272
0.075352
0.074444
0.073546
0.072659
0.071783
0.070918
0.070063
0.069218
0.068383
0.067559
0.066744
0.065940
0.065145
0.064359
0.063583
0.062816
0.062059
0.061311
0.060571
0.059841
0.059120
0.058407
0.057703
0.057007
0.056320
0.055640
0.054970
0.054307
0.053652
0.053005
0.052366
0.051735
0.051111
0.050495
0.049886
0.049284
0.048690
0.048103
0.047523
0.046950
0.046384
0.045825
0.045272
0.044726
0.044187
0.043654
0.043128
0.042608
0.042094
0.041587
0.041085
0.040590
0.040101
0.039617
0.039139
0.038667
0.038201
0.037741
0.037286
0.036836
0.036392
0.035953
0.035520
0.035091
0.034668
0.034250
0.033837
0.033429
0.033026
0.032628
0.032235
0.031846
0.031462
0.031083
0.030708
0.030338
0.029972
0.029611
0.029254
0.028901
0.028552
0.028208
0.027868
0.027532
0.027200
0.026872
0.026548
0.026228
0.025912
0.025599
0.025291
0.024986
0.024685
0.024387
0.024093
0.023803
0.023516
0.023232
0.022952
0.022675
0.022402
0.022132
0.021865
0.021601
0.021341
0.021084
0.020829
0.020578
0.020330
0.020085
0.019843
0.019604
0.019367
0.019134
0.018903
0.018675
0.018450
0.018228
0.018008
0.017791
0.017576
0.017364
0.017155
0.016948
0.016744
0.016542
0.016342
0.016145
0.015951
0.015758
0.015568
0.015381
0.015195
0.015012
0.014831
0.014652
0.014476
0.014301
0.014129
0.013958
0.013790
0.013624
0.013460
0.013297
0.013137
0.012979
0.012822
0.012668
0.012515
0.012364
0.012215
0.012068
0.011922
0.011778
0.011636
0.011496
0.011357
0.011221
0.011085
0.010952
0.010820
0.010689
0.010560
0.010433
0.010307
0.010183
0.010060
0.009939
0.009819
0.009701
0.009584
0.009468
0.009354
0.009241
0.009130
0.009020
0.008911
0.008804
0.008697
0.008593
0.008489
0.008387
0.008286
0.008186
0.008087
0.007989
0.007893
0.007798
0.007704
0.007611
0.007519
0.007429
0.007339
0.007251
0.007163
0.007077
0.006992
0.006907
0.006824
0.006742
0.006660
0.006580
0.006501
0.006422
0.006345
0.006268
0.006193
0.006118
0.006044
0.005972
0.005900
0.005828
0.005758
0.005689
0.005620
0.005552
0.005486
0.005419
0.005354
0.005290
0.005226
0.005163
0.005100
0.005039
0.004978
0.004918
0.004859
0.004800
0.004742
0.004685
0.004629
0.004573
0.004518
0.004463
0.004410
0.004356
0.004304
0.004252
0.004201
0.004150
0.004100
0.004051
0.004002
0.003954
0.003906
0.003859
0.003812
0.003766
0.003721
0.003676
0.003632
0.003588
0.003545
0.003502
0.003460
0.003418
0.003377
0.003336
0.003296
0.003256
0.003217
0.003178
0.003140
0.003102
0.003065
0.003028
0.002991
0.002955
0.002919
0.002884
0.002850
0.002815
0.002781
0.002748
0.002715
0.002682
0.002650
0.002618
0.002586
0.002555
0.002524
0.002494
0.002464
0.002434
0.002405
0.002376
0.002347
0.002319
0.002291
0.002263
0.002236
0.002209
0.002182
0.002156
0.002130
0.002104
0.002079
0.002054
0.002029
0.002005
0.001980
0.001957
0.001933
0.001910
0.001887
0.001864
0.001841
0.001819
0.001797
0.001776
0.001754
0.001733
0.001712
0.001692
0.001671
0.001651
0.001631
0.001611
0.001592
0.001573
0.001554
0.001535
0.001517
0.001498
0.001480
0.001462
0.001445
0.001427
0.001410
0.001393
0.001376
0.001360
0.001343
0.001327
0.001311
0.001295
0.001280
0.001264
0.001249
0.001234
0.001219
0.001204
0.001190
0.001176
0.001161
0.001147
0.001134
0.001120
0.001106
0.001093
0.001080
0.001067
0.001054
0.001041
0.001029
0.001016
0.001004
0.000992
0.000980
0.000968
0.000957
0.000945
0.000934
0.000922
0.000911
0.000900
0.000889
0.000879
0.000868
0.000858
0.000847
0.000837
0.000827
0.000817
0.000807
0.000797
0.000788
0.000778
0.000769
0.000760
0.000751
0.000741
0.000733
0.000724
0.000715
0.000706
0.000698
0.000689
0.000681
0.000673
0.000665
0.000657
0.000649
0.000641
0.000633
0.000626
0.000618
0.000611
0.000603
0.000596
0.000589
0.000582
0.000575
0.000568
0.000561
0.000554
0.000548
0.000541
0.000534
0.000528
0.000522
0.000515
0.000509
0.000503
0.000497
0.000491
0.000485
0.000479
0.000473
0.000468
0.000462
0.000456
0.000451
0.000446
0.000440
0.000435
0.000430
0.000424
0.000419
0.000414
0.000409
0.000404
0.000399
0.000395
0.000390
0.000385
0.000381
0.000376
0.000371
0.000367
0.000363
0.000358
0.000354
0.000350
0.000345
0.000341
0.000337
0.000333
0.000329
0.000325
0.000321
0.000317
0.000313
0.000310
0.000306
0.000302
0.000299
0.000295
0.000291
0.000288
0.000284
0.000281
0.000278
0.000274
0.000271
0.000268
0.000264
0.000261
0.000258
0.000255
0.000252
0.000249
0.000246
0.000243
0.000240
0.000237
0.000234
0.000231
0.000229
