20.479364
32.022604
36.704528
38.441868
38.917371
38.853975
38.562245
38.175574
37.751236
37.313800
36.873785
36.435675
36.001360
35.571615
35.146741
34.726829
34.311887
33.901882
33.496768
33.096491
32.700996
32.310227
31.924127
31.542641
31.165714
30.793292
30.425319
30.061745
29.702515
29.347578
28.996882
28.650378
28.308014
27.969742
27.635512
27.305276
26.978987
26.656597
26.338059
26.023328
25.712358
25.405105
25.101523
24.801569
24.505200
24.212372
23.923043
23.637172
23.354718
23.075638
22.799894
22.527445
22.258252
21.992275
21.729477
21.469820
21.213266
20.959777
20.709317
20.461851
20.217342
19.975755
19.737054
19.501206
19.268177
19.037932
18.810439
18.585664
18.363576
18.144141
17.927329
17.713107
17.501446
17.292313
17.085680
16.881517
16.679792
16.480479
16.283547
16.088969
15.896716
15.706760
15.519074
15.333631
15.150405
14.969367
14.790493
14.613757
14.439132
14.266595
14.096119
13.927680
13.761254
13.596817
13.434345
13.273814
13.115202
12.958485
12.803641
12.650647
12.499481
12.350122
12.202548
12.056737
11.912668
11.770322
11.629676
11.490710
11.353406
11.217742
11.083699
10.951258
10.820400
10.691106
10.563356
10.437133
10.312419
10.189194
10.067442
9.947146
9.828286
9.710847
9.594811
9.480162
9.366883
9.254957
9.144369
9.035103
8.927142
8.820471
8.715075
8.610939
8.508046
8.406384
8.305936
8.206688
8.108627
8.011737
7.916005
7.821417
7.727959
7.635618
7.544380
7.454233
7.365163
7.277157
7.190203
7.104288
7.019399
6.935525
6.852653
6.770772
6.689869
6.609932
6.530951
6.452914
6.375809
6.299625
6.224352
6.149978
6.076493
6.003887
5.932147
5.861265
5.791230
5.722032
5.653661
5.586106
5.519359
5.453410
5.388248
5.323865
5.260252
5.197399
5.135296
5.073936
5.013309
4.953407
4.894220
4.835740
4.777960
4.720869
4.664461
4.608727
4.553659
4.499249
4.445489
4.392371
4.339889
4.288033
4.236797
4.186173
4.136154
4.086733
4.037902
3.989655
3.941984
3.894883
3.848345
3.802363
3.756930
3.712040
3.667687
3.623863
3.580564
3.537781
3.495510
3.453744
3.412477
3.371703
3.331416
3.291611
3.252281
3.213421
3.175026
3.137089
3.099606
3.062571
3.025978
2.989822
2.954099
2.918802
2.883927
2.849469
2.815422
2.781782
2.748545
2.715704
2.683256
2.651195
2.619518
2.588219
2.557294
2.526739
2.496548
2.466719
2.437246
2.408125
2.379352
2.350923
2.322833
2.295080
2.267657
2.240563
2.213792
2.187341
2.161206
2.135384
2.109870
2.084660
2.059752
2.035142
2.010826
1.986800
1.963062
1.939607
1.916432
1.893534
1.870910
1.848556
1.826469
1.804646
1.783084
1.761780
1.740730
1.719931
1.699381
1.679077
1.659015
1.639193
1.619608
1.600257
1.581137
1.562245
1.543580
1.525137
1.506914
1.488910
1.471120
1.453543
1.436176
1.419017
1.402063
1.385311
1.368759
1.352405
1.336247
1.320281
1.304507
1.288921
1.273521
1.258305
1.243271
1.228416
1.213739
1.199237
1.184909
1.170752
1.156764
1.142943
1.129287
1.115795
1.102463
1.089291
1.076277
1.063418
1.050712
1.038158
1.025755
1.013499
1.001390
0.989426
0.977604
0.965924
0.954383
0.942981
0.931714
0.920582
0.909583
0.898716
0.887978
0.877369
0.866886
0.856529
0.846296
0.836184
0.826194
0.816323
0.806570
0.796933
0.787411
0.778004
0.768708
0.759524
0.750450
0.741484
0.732625
0.723872
0.715223
0.706678
0.698235
0.689892
0.681650
0.673506
0.665459
0.657509
0.649653
0.641891
0.634222
0.626645
0.619158
0.611761
0.604451
0.597230
0.590094
0.583044
0.576078
0.569196
0.562395
0.555676
0.549037
0.542478
0.535996
0.529593
0.523265
0.517014
0.510837
0.504733
0.498703
0.492745
0.486858
0.481041
0.475294
0.469616
0.464005
0.458461
0.452984
0.447572
0.442225
0.436941
0.431721
0.426563
0.421467
0.416431
0.411456
0.406540
0.401683
0.396884
0.392143
0.387458
0.382829
0.378255
0.373736
0.369271
0.364859
0.360500
0.356193
0.351937
0.347733
0.343578
0.339473
0.335418
0.331410
0.327451
0.323539
0.319674
0.315854
0.312081
0.308352
0.304668
0.301029
0.297432
0.293879
0.290368
0.286899
0.283471
0.280084
0.276738
0.273432
0.270165
0.266938
0.263748
0.260597
0.257484
0.254408
0.251368
0.248365
0.245398
0.242466
0.239570
0.236708
0.233880
0.231085
0.228325
0.225597
0.222902
0.220239
0.217608
0.215008
0.212439
0.209901
0.207393
0.204916
0.202468
0.200049
0.197659
0.195297
0.192964
0.190659
0.188381
0.186131
0.183907
0.181710
0.179539
0.177394
0.175275
0.173181
0.171112
0.169068
0.167048
0.165052
0.163080
0.161132
0.159207
0.157305
0.155426
0.153569
0.151734
0.149921
0.148130
0.146361
0.144612
0.142885
0.141178
0.139491
0.137824
0.136178
0.134551
0.132944
0.131355
0.129786
0.128236
0.126704
0.125190
0.123694
0.122217
0.120757
0.119314
0.117889
0.116480
0.115089
0.113714
0.112355
0.111013
0.109687
0.108376
0.107082
0.105802
0.104538
0.103290
0.102056
0.100836
0.099632
0.098442
0.097266
0.096104
0.094955
0.093821
0.092700
0.091593
0.090499
0.089417
0.088349
0.087294
0.086251
0.085221
0.084202
0.083197
0.082203
0.081221
0.080250
0.079292
0.078344
0.077408
0.076484
0.075570
0.074667
0.073775
0.072894
0.072023
0.071163
0.070313
0.069473
0.068643
0.067823
0.067012
0.066212
0.065421
0.064639
0.063867
0.063104
0.062350
0.061605
0.060869
0.060142
0.059424
0.058714
0.058013
0.057320
0.056635
0.055958
0.055290
0.054629
0.053977
0.053332
0.052695
0.052065
0.051443
0.050829
0.050221
0.049621
0.049029
0.048443
0.047864
0.047293
0.046728
0.046169
0.045618
0.045073
0.044534
0.044002
0.043477
0.042957
0.042444
0.041937
0.041436
0.040941
0.040452
0.039969
0.039491
0.039020
0.038554
0.038093
0.037638
0.037188
0.036744
0.036305
0.035871
0.035443
0.035019
0.034601
0.034188
0.033779
0.033376
0.032977
0.032583
0.032194
0.031809
0.031429
0.031054
0.030683
0.030316
0.029954
0.029596
0.029243
0.028894
0.028548
0.028207
0.027870
0.027538
0.027209
0.026884
0.026562
0.026245
0.025932
0.025622
0.025316
0.025013
0.024714
0.024419
0.024128
0.023839
0.023555
0.023273
0.022995
0.022720
0.022449
0.022181
0.021916
0.021654
0.021395
0.021140
0.020887
0.020638
0.020391
0.020148
0.019907
0.019669
0.019434
0.019202
0.018973
0.018746
0.018522
0.018301
0.018082
0.017866
0.017653
0.017442
0.017234
0.017028
0.016824
0.016623
0.016425
0.016229
0.016035
0.015843
0.015654
0.015467
0.015282
0.015100
0.014919
0.014741
0.014565
0.014391
0.014219
0.014049
0.013881
0.013716
0.013552
0.013390
0.013230
0.013072
0.012916
0.012761
0.012609
0.012458
0.012310
0.012163
0.012017
0.011874
0.011732
0.011592
0.011453
0.011316
0.011181
0.011048
0.010916
0.010785
0.010657
0.010529
0.010403
0.010279
0.010156
0.010035
0.009915
0.009797
0.009680
0.009564
0.009450
0.009337
0.009225
0.009115
0.009006
0.008899
0.008792
0.008687
0.008584
0.008481
0.008380
0.008280
0.008181
0.008083
0.007987
0.007891
0.007797
0.007704
0.007612
0.007521
0.007431
0.007342
0.007255
0.007168
0.007082
0.006998
0.006914
0.006831
0.006750
0.006669
0.006590
0.006511
0.006433
0.006356
0.006280
0.006205
0.006131
0.006058
0.005986
0.005914
0.005843
0.005774
0.005705
0.005637
0.005569
0.005503
0.005437
0.005372
0.005308
0.005244
0.005182
0.005120
0.005059
0.004998
0.004939
0.004880
0.004821
0.004764
0.004707
0.004651
0.004595
0.004540
0.004486
0.004432
0.004379
0.004327
0.004275
0.004224
0.004174
0.004124
0.004075
0.004026
0.003978
0.003931
0.003884
0.003837
0.003791
0.003746
0.003701
0.003657
0.003613
0.003570
0.003528
0.003485
0.003444
0.003403
0.003362
0.003322
0.003282
0.003243
0.003204
0.003166
0.003128
0.003091
0.003054
0.003017
0.002981
0.002946
0.002911
0.002876
0.002841
0.002808
0.002774
0.002741
0.002708
0.002676
0.002644
0.002612
0.002581
0.002550
0.002520
0.002490
0.002460
0.002431
0.002402
0.002373
0.002344
0.002316
0.002289
0.002261
0.002234
0.002208
0.002181
0.002155
0.002130
0.002104
0.002079
0.002054
0.002030
0.002005
0.001981
0.001958
0.001934
0.001911
0.001888
0.001866
0.001844
0.001822
0.001800
0.001778
0.001757
0.001736
0.001715
0.001695
0.001675
0.001655
0.001635
0.001615
0.001596
0.001577
0.001558
0.001540
0.001521
0.001503
0.001485
0.001467
0.001450
0.001432
0.001415
0.001398
0.001382
0.001365
0.001349
0.001333
0.001317
0.001301
0.001286
0.001270
0.001255
0.001240
0.001225
0.001211
0.001196
0.001182
0.001168
0.001154
0.001140
0.001126
0.001113
0.001100
0.001087
0.001074
0.001061
0.001048
0.001036
0.001023
0.001011
0.000999
0.000987
0.000975
0.000964
0.000952
0.000941
0.000929
0.000918
0.000907
0.000897
0.000886
0.000875
0.000865
0.000854
0.000844
0.000834
0.000824
0.000814
0.000805
0.000795
0.000786
0.000776
0.000767
0.000758
0.000749
0.000740
0.000731
0.000722
0.000714
0.000705
0.000697
0.000688
0.000680
0.000672
0.000664
0.000656
0.000648
0.000640
0.000633
0.000625
0.000618
0.000610
0.000603
0.000596
0.000589
0.000582
0.000575
0.000568
0.000561
0.000554
0.000548
0.000541
0.000535
0.000528
0.000522
0.000516
0.000510
0.000504
0.000498
0.000492
0.000486
0.000480
0.000474
0.000469
0.000463
0.000457
0.000452
0.000447
0.000441
0.000436
0.000431
0.000426
0.000421
0.000415
0.000411
0.000406
0.000401
0.000396
0.000391
0.000387
0.000382
0.000377
0.000373
0.000368
0.000364
0.000360
0.000355
0.000351
0.000347
0.000343
0.000339
0.000335
0.000331
0.000327
0.000323
0.000319
0.000315
0.000311
0.000308
0.000304
0.000300
0.000297
0.000293
0.000290
0.000286
0.000283
0.000279
0.000276
0.000273
0.000270
0.000266
0.000263
0.000260
0.000257
0.000254
