20.330992
31.918254
36.547617
38.234659
38.679316
38.601208
38.304944
37.919441
37.499240
37.067393
36.633623
36.202011
35.774249
35.351018
34.932574
34.518989
34.110261
33.706356
33.307227
32.912822
32.523085
32.137964
31.757403
31.381348
31.009747
30.642546
30.279693
29.921138
29.566828
29.216714
28.870746
28.528875
28.191053
27.857231
27.527362
27.201399
26.879297
26.561008
26.246489
25.935695
25.628580
25.325103
25.025219
24.728887
24.436064
24.146708
23.860779
23.578235
23.299038
23.023147
22.750523
22.481127
22.214921
21.951868
21.691930
21.435070
21.181251
20.930438
20.682596
20.437688
20.195680
19.956539
19.720229
19.486717
19.255971
19.027957
18.802643
18.579997
18.359988
18.142584
17.927754
17.715468
17.505697
17.298409
17.093576
16.891168
16.691158
16.493515
16.298214
16.105224
15.914521
15.726075
15.539861
15.355852
15.174022
14.994345
14.816796
14.641349
14.467980
14.296664
14.127377
13.960094
13.794792
13.631447
13.470037
13.310538
13.152928
12.997184
12.843284
12.691207
12.540931
12.392434
12.245695
12.100694
11.957411
11.815823
11.675913
11.537659
11.401043
11.266044
11.132643
11.000823
10.870563
10.741846
10.614653
10.488966
10.364767
10.242039
10.120764
10.000926
9.882506
9.765489
9.649857
9.535595
9.422686
9.311113
9.200862
9.091917
8.984261
8.877880
8.772759
8.668883
8.566236
8.464805
8.364576
8.265533
8.167663
8.070951
7.975385
7.880951
7.787635
7.695423
7.604304
7.514264
7.425290
7.337369
7.250490
7.164639
7.079805
6.995975
6.913138
6.831282
6.750395
6.670466
6.591484
6.513436
6.436313
6.360103
6.284796
6.210380
6.136845
6.064181
5.992378
5.921425
5.851312
5.782029
5.713566
5.645914
5.579064
5.513005
5.447728
5.383224
5.319483
5.256498
5.194258
5.132756
5.071981
5.011927
4.952583
4.893942
4.835996
4.778735
4.722153
4.666240
4.610990
4.556394
4.502444
4.449133
4.396454
4.344398
4.292958
4.242128
4.191900
4.142266
4.093220
4.044755
3.996863
3.949539
3.902775
3.856565
3.810902
3.765779
3.721191
3.677131
3.633593
3.590570
3.548056
3.506046
3.464534
3.423513
3.382977
3.342922
3.303341
3.264228
3.225579
3.187387
3.149648
3.112355
3.075504
3.039090
3.003106
2.967549
2.932413
2.897692
2.863383
2.829480
2.795978
2.762874
2.730161
2.697835
2.665892
2.634328
2.603137
2.572316
2.541859
2.511763
2.482024
2.452636
2.423597
2.394901
2.366545
2.338525
2.310837
2.283476
2.256440
2.229723
2.203323
2.177236
2.151457
2.125984
2.100812
2.075939
2.051360
2.027071
2.003071
1.979355
1.955919
1.932761
1.909877
1.887264
1.864919
1.842839
1.821020
1.799459
1.778153
1.757100
1.736296
1.715739
1.695424
1.675351
1.655515
1.635914
1.616545
1.597405
1.578492
1.559803
1.541335
1.523086
1.505053
1.487233
1.469624
1.452224
1.435030
1.418040
1.401250
1.384660
1.368266
1.352066
1.336058
1.320239
1.304608
1.289161
1.273898
1.258815
1.243911
1.229184
1.214631
1.200250
1.186039
1.171997
1.158121
1.144409
1.130859
1.117470
1.104240
1.091166
1.078247
1.065481
1.052866
1.040400
1.028082
1.015910
1.003882
0.991997
0.980252
0.968646
0.957178
0.945845
0.934647
0.923581
0.912646
0.901841
0.891163
0.880612
0.870186
0.859884
0.849703
0.839643
0.829702
0.819879
0.810172
0.800580
0.791101
0.781735
0.772480
0.763334
0.754296
0.745366
0.736541
0.727821
0.719204
0.710689
0.702275
0.693960
0.685744
0.677625
0.669603
0.661675
0.653841
0.646100
0.638451
0.630892
0.623422
0.616041
0.608748
0.601541
0.594419
0.587381
0.580427
0.573555
0.566765
0.560055
0.553424
0.546872
0.540397
0.533999
0.527677
0.521430
0.515256
0.509156
0.503128
0.497172
0.491285
0.485469
0.479721
0.474042
0.468430
0.462884
0.457404
0.451988
0.446637
0.441349
0.436124
0.430961
0.425858
0.420817
0.415835
0.410911
0.406047
0.401239
0.396489
0.391795
0.387156
0.382573
0.378043
0.373568
0.369145
0.364775
0.360456
0.356189
0.351972
0.347805
0.343687
0.339618
0.335597
0.331624
0.327698
0.323818
0.319985
0.316196
0.312453
0.308754
0.305099
0.301486
0.297917
0.294390
0.290905
0.287461
0.284058
0.280695
0.277372
0.274088
0.270843
0.267636
0.264468
0.261337
0.258243
0.255186
0.252164
0.249179
0.246229
0.243314
0.240433
0.237587
0.234774
0.231995
0.229248
0.226534
0.223852
0.221202
0.218583
0.215996
0.213438
0.210912
0.208415
0.205947
0.203509
0.201100
0.198719
0.196366
0.194042
0.191745
0.189474
0.187231
0.185015
0.182824
0.180660
0.178521
0.176408
0.174319
0.172256
0.170216
0.168201
0.166210
0.164242
0.162298
0.160376
0.158478
0.156602
0.154748
0.152916
0.151105
0.149316
0.147549
0.145802
0.144076
0.142370
0.140685
0.139019
0.137373
0.135747
0.134140
0.132552
0.130983
0.129432
0.127900
0.126386
0.124890
0.123411
0.121950
0.120506
0.119080
0.117670
0.116277
0.114900
0.113540
0.112196
0.110868
0.109555
0.108258
0.106977
0.105710
0.104459
0.103222
0.102000
0.100793
0.099600
0.098420
0.097255
0.096104
0.094966
0.093842
0.092731
0.091633
0.090548
0.089477
0.088417
0.087371
0.086336
0.085314
0.084304
0.083306
0.082320
0.081345
0.080382
0.079431
0.078491
0.077561
0.076643
0.075736
0.074839
0.073953
0.073078
0.072213
0.071358
0.070513
0.069678
0.068853
0.068038
0.067233
0.066437
0.065650
0.064873
0.064105
0.063346
0.062597
0.061855
0.061123
0.060400
0.059685
0.058978
0.058280
0.057590
0.056908
0.056235
0.055569
0.054911
0.054261
0.053619
0.052984
0.052357
0.051737
0.051124
0.050519
0.049921
0.049330
0.048746
0.048169
0.047599
0.047035
0.046479
0.045928
0.045385
0.044847
0.044317
0.043792
0.043273
0.042761
0.042255
0.041755
0.041261
0.040772
0.040289
0.039812
0.039341
0.038875
0.038415
0.037960
0.037511
0.037067
0.036628
0.036195
0.035766
0.035343
0.034924
0.034511
0.034102
0.033699
0.033300
0.032906
0.032516
0.032131
0.031751
0.031375
0.031004
0.030637
0.030274
0.029915
0.029561
0.029211
0.028866
0.028524
0.028186
0.027853
0.027523
0.027197
0.026875
0.026557
0.026243
0.025932
0.025625
0.025322
0.025022
0.024726
0.024433
0.024144
0.023858
0.023576
0.023296
0.023021
0.022748
0.022479
0.022213
0.021950
0.021690
0.021433
0.021180
0.020929
0.020681
0.020436
0.020194
0.019955
0.019719
0.019486
0.019255
0.019027
0.018802
0.018579
0.018359
0.018142
0.017927
0.017715
0.017505
0.017298
0.017093
0.016891
0.016691
0.016493
0.016298
0.016105
0.015915
0.015726
0.015540
0.015356
0.015174
0.014995
0.014817
0.014642
0.014469
0.014297
0.014128
0.013961
0.013796
0.013632
0.013471
0.013311
0.013154
0.012998
0.012844
0.012692
0.012542
0.012393
0.012247
0.012102
0.011959
0.011817
0.011677
0.011539
0.011402
0.011267
0.011134
0.011002
0.010872
0.010743
0.010616
0.010490
0.010366
0.010244
0.010122
0.010002
0.009884
0.009767
0.009651
0.009537
0.009424
0.009313
0.009203
0.009094
0.008986
0.008880
0.008774
0.008671
0.008568
0.008467
0.008366
0.008267
0.008169
0.008073
0.007977
0.007883
0.007789
0.007697
0.007606
0.007516
0.007427
0.007339
0.007252
0.007166
0.007082
0.006998
0.006915
0.006833
0.006752
0.006672
0.006593
0.006515
0.006438
0.006362
0.006287
0.006212
0.006139
0.006066
0.005994
0.005923
0.005853
0.005784
0.005715
0.005648
0.005581
0.005515
0.005450
0.005385
0.005321
0.005258
0.005196
0.005135
0.005074
0.005014
0.004954
0.004896
0.004838
0.004781
0.004724
0.004668
0.004613
0.004558
0.004504
0.004451
0.004398
0.004346
0.004295
0.004244
0.004194
0.004144
0.004095
0.004047
0.003999
0.003951
0.003905
0.003858
0.003813
0.003767
0.003723
0.003679
0.003635
0.003592
0.003550
0.003508
0.003466
0.003425
0.003385
0.003345
0.003305
0.003266
0.003227
0.003189
0.003151
0.003114
0.003077
0.003041
0.003005
0.002969
0.002934
0.002899
0.002865
0.002831
0.002798
0.002764
0.002732
0.002699
0.002667
0.002636
0.002605
0.002574
0.002543
0.002513
0.002483
0.002454
0.002425
0.002396
0.002368
0.002340
0.002312
0.002285
0.002258
0.002231
0.002205
0.002179
0.002153
0.002127
0.002102
0.002077
0.002053
0.002028
0.002004
0.001981
0.001957
0.001934
0.001911
0.001889
0.001866
0.001844
0.001822
0.001801
0.001779
0.001758
0.001737
0.001717
0.001697
0.001677
0.001657
0.001637
0.001618
0.001599
0.001580
0.001561
0.001542
0.001524
0.001506
0.001488
0.001471
0.001453
0.001436
0.001419
0.001402
0.001386
0.001369
0.001353
0.001337
0.001321
0.001306
0.001290
0.001275
0.001260
0.001245
0.001230
0.001216
0.001201
0.001187
0.001173
0.001159
0.001145
0.001132
0.001118
0.001105
0.001092
0.001079
0.001066
0.001054
0.001041
0.001029
0.001017
0.001005
0.000993
0.000981
0.000969
0.000958
0.000947
0.000935
0.000924
0.000913
0.000903
0.000892
0.000881
0.000871
0.000861
0.000850
0.000840
0.000830
0.000821
0.000811
0.000801
0.000792
0.000782
0.000773
0.000764
0.000755
0.000746
0.000737
0.000729
0.000720
0.000711
0.000703
0.000695
0.000686
0.000678
0.000670
0.000662
0.000654
0.000647
0.000639
0.000632
0.000624
0.000617
0.000609
0.000602
0.000595
0.000588
0.000581
0.000574
0.000567
0.000561
0.000554
0.000547
0.000541
0.000535
0.000528
0.000522
0.000516
0.000510
0.000504
0.000498
0.000492
0.000486
0.000480
0.000475
0.000469
0.000463
0.000458
0.000452
0.000447
0.000442
0.000437
0.000431
0.000426
0.000421
0.000416
0.000411
0.000406
0.000402
0.000397
0.000392
0.000388
0.000383
0.000378
0.000374
0.000370
0.000365
0.000361
0.000357
0.000352
0.000348
0.000344
0.000340
0.000336
0.000332
0.000328
0.000324
0.000320
0.000317
0.000313
0.000309
0.000305
0.000302
0.000298
0.000295
0.000291
0.000288
0.000284
0.000281
