20.184082
31.812136
36.388350
38.026046
38.441097
38.349257
38.049074
37.665051
37.249091
36.822810
36.395190
35.969944
35.548585
35.131710
34.719537
34.312121
33.909453
33.511497
33.118206
32.729528
32.345412
31.965803
31.590649
31.219898
30.853499
30.491399
30.133550
29.779900
29.430401
29.085005
28.743661
28.406324
28.072947
27.743481
27.417883
27.096106
26.778106
26.463838
26.153258
25.846323
25.542991
25.243219
24.946965
24.654188
24.364847
24.078902
23.796313
23.517041
23.241046
22.968290
22.698736
22.432345
22.169081
21.908907
21.651786
21.397682
21.146561
20.898388
20.653127
20.410744
20.171206
19.934479
19.700531
19.469329
19.240839
19.015032
18.791875
18.571336
18.353386
18.137994
17.925130
17.714764
17.506867
17.301410
17.098365
16.897702
16.699394
16.503414
16.309734
16.118327
15.929166
15.742225
15.557479
15.374900
15.194464
15.016146
14.839921
14.665764
14.493651
14.323558
14.155461
13.989337
13.825163
13.662915
13.502571
13.344110
13.187508
13.032744
12.879796
12.728644
12.579265
12.431639
12.285746
12.141566
11.999077
11.858260
11.719097
11.581566
11.445650
11.311328
11.178583
11.047396
10.917749
10.789623
10.663001
10.537865
10.414197
10.291981
10.171199
10.051835
9.933872
9.817293
9.702082
9.588223
9.475701
9.364499
9.254602
9.145995
9.038662
8.932589
8.827761
8.724163
8.621782
8.520601
8.420608
8.321789
8.224129
8.127616
8.032235
7.937973
7.844818
7.752756
7.661775
7.571861
7.483002
7.395186
7.308401
7.222635
7.137874
7.054109
6.971327
6.889516
6.808665
6.728763
6.649799
6.571762
6.494640
6.418424
6.343102
6.268664
6.195099
6.122398
6.050550
5.979545
5.909374
5.840026
5.771492
5.703762
5.636827
5.570678
5.505304
5.440699
5.376851
5.313752
5.251395
5.189768
5.128866
5.068677
5.009196
4.950412
4.892318
4.834906
4.778168
4.722095
4.666681
4.611917
4.557795
4.504309
4.451451
4.399212
4.347587
4.296568
4.246147
4.196318
4.147074
4.098408
4.050313
4.002782
3.955809
3.909388
3.863511
3.818173
3.773366
3.729086
3.685325
3.642078
3.599338
3.557100
3.515357
3.474104
3.433336
3.393046
3.353229
3.313879
3.274990
3.236558
3.198578
3.161043
3.123948
3.087289
3.051060
3.015256
2.979872
2.944903
2.910345
2.876193
2.842441
2.809085
2.776121
2.743544
2.711348
2.679531
2.648087
2.617012
2.586302
2.555952
2.525959
2.496317
2.467023
2.438073
2.409463
2.381188
2.353246
2.325631
2.298340
2.271370
2.244716
2.218374
2.192342
2.166616
2.141191
2.116065
2.091233
2.066693
2.042441
2.018474
1.994788
1.971379
1.948246
1.925384
1.902790
1.880461
1.858395
1.836587
1.815035
1.793737
1.772688
1.751886
1.731328
1.711012
1.690934
1.671091
1.651482
1.632102
1.612950
1.594023
1.575318
1.556832
1.538563
1.520509
1.502666
1.485033
1.467607
1.450385
1.433366
1.416546
1.399923
1.383496
1.367261
1.351217
1.335361
1.319691
1.304205
1.288901
1.273777
1.258830
1.244058
1.229460
1.215032
1.200775
1.186684
1.172759
1.158998
1.145397
1.131957
1.118674
1.105547
1.092574
1.079753
1.067083
1.054562
1.042187
1.029958
1.017872
1.005928
0.994124
0.982458
0.970930
0.959537
0.948277
0.937150
0.926153
0.915285
0.904545
0.893931
0.883441
0.873074
0.862829
0.852705
0.842699
0.832810
0.823038
0.813380
0.803836
0.794404
0.785082
0.775869
0.766765
0.757768
0.748876
0.740089
0.731404
0.722822
0.714340
0.705958
0.697674
0.689487
0.681397
0.673401
0.665499
0.657690
0.649973
0.642346
0.634809
0.627360
0.619998
0.612723
0.605533
0.598428
0.591406
0.584466
0.577608
0.570830
0.564132
0.557513
0.550971
0.544506
0.538116
0.531802
0.525562
0.519395
0.513300
0.507277
0.501325
0.495442
0.489629
0.483884
0.478206
0.472594
0.467049
0.461569
0.456153
0.450800
0.445511
0.440283
0.435117
0.430011
0.424965
0.419979
0.415051
0.410181
0.405368
0.400611
0.395910
0.391265
0.386674
0.382137
0.377653
0.373221
0.368842
0.364514
0.360237
0.356010
0.351833
0.347704
0.343624
0.339592
0.335608
0.331670
0.327778
0.323932
0.320131
0.316374
0.312662
0.308993
0.305368
0.301785
0.298244
0.294744
0.291286
0.287868
0.284490
0.281152
0.277853
0.274593
0.271371
0.268187
0.265040
0.261930
0.258856
0.255819
0.252817
0.249851
0.246919
0.244022
0.241159
0.238329
0.235533
0.232769
0.230038
0.227339
0.224671
0.222035
0.219430
0.216855
0.214310
0.211796
0.209311
0.206855
0.204428
0.202029
0.199658
0.197316
0.195000
0.192712
0.190451
0.188217
0.186008
0.183826
0.181669
0.179537
0.177430
0.175349
0.173291
0.171258
0.169248
0.167262
0.165300
0.163360
0.161444
0.159549
0.157677
0.155827
0.153999
0.152192
0.150406
0.148641
0.146897
0.145174
0.143470
0.141787
0.140123
0.138479
0.136854
0.135249
0.133662
0.132093
0.130543
0.129012
0.127498
0.126002
0.124524
0.123062
0.121619
0.120192
0.118781
0.117388
0.116010
0.114649
0.113304
0.111974
0.110661
0.109362
0.108079
0.106811
0.105558
0.104319
0.103095
0.101886
0.100690
0.099509
0.098341
0.097187
0.096047
0.094920
0.093806
0.092706
0.091618
0.090543
0.089481
0.088431
0.087393
0.086368
0.085354
0.084353
0.083363
0.082385
0.081418
0.080463
0.079519
0.078586
0.077664
0.076753
0.075852
0.074962
0.074083
0.073213
0.072354
0.071506
0.070667
0.069837
0.069018
0.068208
0.067408
0.066617
0.065835
0.065063
0.064300
0.063545
0.062800
0.062063
0.061335
0.060615
0.059904
0.059201
0.058506
0.057820
0.057141
0.056471
0.055808
0.055154
0.054507
0.053867
0.053235
0.052610
0.051993
0.051383
0.050780
0.050184
0.049596
0.049014
0.048439
0.047870
0.047309
0.046754
0.046205
0.045663
0.045127
0.044598
0.044074
0.043557
0.043046
0.042541
0.042042
0.041549
0.041061
0.040580
0.040103
0.039633
0.039168
0.038708
0.038254
0.037805
0.037362
0.036923
0.036490
0.036062
0.035639
0.035221
0.034808
0.034399
0.033996
0.033597
0.033203
0.032813
0.032428
0.032048
0.031672
0.031300
0.030933
0.030570
0.030211
0.029857
0.029506
0.029160
0.028818
0.028480
0.028146
0.027816
0.027489
0.027167
0.026848
0.026533
0.026222
0.025914
0.025610
0.025310
0.025013
0.024719
0.024429
0.024143
0.023859
0.023579
0.023303
0.023029
0.022759
0.022492
0.022228
0.021967
0.021710
0.021455
0.021203
0.020955
0.020709
0.020466
0.020226
0.019988
0.019754
0.019522
0.019293
0.019067
0.018843
0.018622
0.018403
0.018187
0.017974
0.017763
0.017555
0.017349
0.017145
0.016944
0.016745
0.016549
0.016355
0.016163
0.015973
0.015786
0.015601
0.015418
0.015237
0.015058
0.014881
0.014707
0.014534
0.014364
0.014195
0.014029
0.013864
0.013701
0.013541
0.013382
0.013225
0.013070
0.012916
0.012765
0.012615
0.012467
0.012321
0.012176
0.012033
0.011892
0.011753
0.011615
0.011478
0.011344
0.011211
0.011079
0.010949
0.010821
0.010694
0.010568
0.010444
0.010322
0.010201
0.010081
0.009963
0.009846
0.009730
0.009616
0.009503
0.009392
0.009282
0.009173
0.009065
0.008959
0.008854
0.008750
0.008647
0.008546
0.008445
0.008346
0.008248
0.008152
0.008056
0.007962
0.007868
0.007776
0.007685
0.007594
0.007505
0.007417
0.007330
0.007244
0.007159
0.007075
0.006992
0.006910
0.006829
0.006749
0.006670
0.006592
0.006514
0.006438
0.006362
0.006288
0.006214
0.006141
0.006069
0.005998
0.005927
0.005858
0.005789
0.005721
0.005654
0.005588
0.005522
0.005457
0.005393
0.005330
0.005268
0.005206
0.005145
0.005084
0.005025
0.004966
0.004908
0.004850
0.004793
0.004737
0.004681
0.004626
0.004572
0.004518
0.004465
0.004413
0.004361
0.004310
0.004260
0.004210
0.004160
0.004111
0.004063
0.004015
0.003968
0.003922
0.003876
0.003830
0.003785
0.003741
0.003697
0.003654
0.003611
0.003569
0.003527
0.003485
0.003444
0.003404
0.003364
0.003325
0.003286
0.003247
0.003209
0.003171
0.003134
0.003097
0.003061
0.003025
0.002990
0.002955
0.002920
0.002886
0.002852
0.002818
0.002785
0.002753
0.002720
0.002688
0.002657
0.002626
0.002595
0.002564
0.002534
0.002505
0.002475
0.002446
0.002417
0.002389
0.002361
0.002333
0.002306
0.002279
0.002252
0.002226
0.002200
0.002174
0.002148
0.002123
0.002098
0.002074
0.002049
0.002025
0.002002
0.001978
0.001955
0.001932
0.001909
0.001887
0.001865
0.001843
0.001821
0.001800
0.001779
0.001758
0.001737
0.001717
0.001697
0.001677
0.001657
0.001638
0.001618
0.001600
0.001581
0.001562
0.001544
0.001526
0.001508
0.001490
0.001473
0.001455
0.001438
0.001421
0.001405
0.001388
0.001372
0.001356
0.001340
0.001324
0.001309
0.001293
0.001278
0.001263
0.001248
0.001234
0.001219
0.001205
0.001191
0.001177
0.001163
0.001149
0.001136
0.001123
0.001109
0.001096
0.001084
0.001071
0.001058
0.001046
0.001034
0.001021
0.001010
0.000998
0.000986
0.000974
0.000963
0.000952
0.000941
0.000929
0.000919
0.000908
0.000897
0.000887
0.000876
0.000866
0.000856
0.000846
0.000836
0.000826
0.000816
0.000807
0.000797
0.000788
0.000779
0.000770
0.000761
0.000752
0.000743
0.000734
0.000725
0.000717
0.000709
0.000700
0.000692
0.000684
0.000676
0.000668
0.000660
0.000652
0.000645
0.000637
0.000630
0.000622
0.000615
0.000608
0.000601
0.000594
0.000587
0.000580
0.000573
0.000566
0.000560
0.000553
0.000547
0.000540
0.000534
0.000528
0.000521
0.000515
0.000509
0.000503
0.000497
0.000491
0.000486
0.000480
0.000474
0.000469
0.000463
0.000458
0.000452
0.000447
0.000442
0.000437
0.000432
0.000427
0.000422
0.000417
0.000412
0.000407
0.000402
0.000397
0.000393
0.000388
0.000384
0.000379
0.000375
0.000370
0.000366
0.000362
0.000357
0.000353
0.000349
0.000345
0.000341
0.000337
0.000333
0.000329
0.000325
0.000321
0.000318
0.000314
0.000310
