20.038625
31.704348
36.226918
37.816240
38.202894
38.098255
37.794721
37.412455
37.000820
36.580072
36.158505
35.739493
35.324390
34.913719
34.507663
34.106264
33.709507
33.317354
32.929760
32.546672
32.168041
31.793814
31.423941
31.058372
30.697055
30.339941
29.986982
29.638130
29.293336
28.952553
28.615735
28.282836
27.953809
27.628610
27.307195
26.989519
26.675539
26.365211
26.058494
25.755345
25.455723
25.159587
24.866896
24.577610
24.291690
24.009096
23.729789
23.453732
23.180887
22.911216
22.644682
22.381249
22.120880
21.863541
21.609196
21.357809
21.109347
20.863776
20.621062
20.381171
20.144071
19.909730
19.678115
19.449194
19.222936
18.999311
18.778287
18.559835
18.343924
18.130525
17.919609
17.711146
17.505108
17.301468
17.100196
16.901266
16.704651
16.510323
16.318255
16.128422
15.940797
15.755355
15.572071
15.390919
15.211874
15.034912
14.860009
14.687140
14.516283
14.347413
14.180508
14.015545
13.852501
13.691353
13.532081
13.374661
13.219072
13.065294
12.913304
12.763083
12.614610
12.467863
12.322824
12.179472
12.037788
11.897752
11.759345
11.622548
11.487343
11.353711
11.221633
11.091092
10.962069
10.834548
10.708510
10.583938
10.460815
10.339125
10.218850
10.099975
9.982483
9.866357
9.751582
9.638143
9.526023
9.415208
9.305681
9.197429
9.090437
8.984688
8.880171
8.776869
8.674768
8.573856
8.474117
8.375539
8.278108
8.181810
8.086632
7.992562
7.899585
7.807691
7.716865
7.627097
7.538372
7.450680
7.364007
7.278343
7.193676
7.109993
7.027284
6.945538
6.864742
6.784886
6.705959
6.627950
6.550849
6.474645
6.399327
6.324885
6.251310
6.178590
6.106716
6.035679
5.965467
5.896073
5.827486
5.759696
5.692696
5.626474
5.561024
5.496334
5.432397
5.369204
5.306746
5.245014
5.184001
5.123698
5.064095
5.005187
4.946963
4.889417
4.832541
4.776326
4.720765
4.665850
4.611574
4.557930
4.504909
4.452506
4.400712
4.349520
4.298924
4.248917
4.199491
4.150640
4.102358
4.054637
4.007472
3.960855
3.914780
3.869241
3.824232
3.779747
3.735779
3.692323
3.649372
3.606921
3.564964
3.523494
3.482507
3.441997
3.401959
3.362386
3.323273
3.284615
3.246407
3.208644
3.171319
3.134429
3.097969
3.061932
3.026314
2.991111
2.956317
2.921928
2.887939
2.854346
2.821143
2.788327
2.755892
2.723834
2.692150
2.660834
2.629882
2.599291
2.569055
2.539171
2.509635
2.480442
2.451589
2.423071
2.394885
2.367027
2.339494
2.312280
2.285383
2.258799
2.232524
2.206555
2.180888
2.155519
2.130446
2.105664
2.081170
2.056962
2.033035
2.009386
1.986013
1.962911
1.940078
1.917511
1.895206
1.873161
1.851372
1.829836
1.808551
1.787514
1.766722
1.746171
1.725859
1.705784
1.685942
1.666331
1.646948
1.627791
1.608856
1.590142
1.571645
1.553363
1.535295
1.517436
1.499785
1.482340
1.465097
1.448055
1.431211
1.414563
1.398109
1.381846
1.365773
1.349886
1.334184
1.318665
1.303326
1.288166
1.273182
1.258372
1.243735
1.229268
1.214969
1.200837
1.186869
1.173063
1.159418
1.145932
1.132602
1.119428
1.106407
1.093537
1.080818
1.068246
1.055820
1.043539
1.031400
1.019403
1.007546
0.995826
0.984243
0.972794
0.961479
0.950295
0.939241
0.928316
0.917518
0.906846
0.896298
0.885872
0.875568
0.865383
0.855318
0.845369
0.835536
0.825817
0.816211
0.806717
0.797334
0.788059
0.778893
0.769833
0.760878
0.752028
0.743281
0.734635
0.726090
0.717644
0.709297
0.701047
0.692892
0.684833
0.676867
0.668994
0.661212
0.653521
0.645920
0.638407
0.630981
0.623642
0.616388
0.609218
0.602132
0.595128
0.588206
0.581364
0.574602
0.567918
0.561313
0.554784
0.548331
0.541953
0.535649
0.529418
0.523260
0.517174
0.511159
0.505213
0.499337
0.493529
0.487788
0.482114
0.476507
0.470964
0.465486
0.460072
0.454721
0.449432
0.444204
0.439037
0.433931
0.428883
0.423895
0.418964
0.414091
0.409275
0.404514
0.399809
0.395159
0.390563
0.386020
0.381530
0.377092
0.372706
0.368371
0.364086
0.359851
0.355666
0.351529
0.347440
0.343399
0.339405
0.335457
0.331555
0.327699
0.323887
0.320120
0.316397
0.312716
0.309079
0.305484
0.301931
0.298419
0.294948
0.291518
0.288127
0.284776
0.281463
0.278189
0.274954
0.271756
0.268595
0.265471
0.262383
0.259331
0.256315
0.253334
0.250387
0.247475
0.244596
0.241751
0.238939
0.236160
0.233414
0.230699
0.228015
0.225363
0.222742
0.220151
0.217591
0.215060
0.212558
0.210086
0.207643
0.205227
0.202840
0.200481
0.198149
0.195845
0.193567
0.191315
0.189090
0.186891
0.184717
0.182569
0.180445
0.178346
0.176272
0.174222
0.172196
0.170193
0.168213
0.166257
0.164323
0.162412
0.160523
0.158656
0.156810
0.154986
0.153184
0.151402
0.149641
0.147901
0.146181
0.144480
0.142800
0.141139
0.139497
0.137875
0.136271
0.134686
0.133120
0.131571
0.130041
0.128529
0.127034
0.125556
0.124096
0.122653
0.121226
0.119816
0.118423
0.117045
0.115684
0.114338
0.113008
0.111694
0.110395
0.109111
0.107842
0.106588
0.105348
0.104123
0.102912
0.101715
0.100532
0.099362
0.098207
0.097065
0.095936
0.094820
0.093717
0.092627
0.091550
0.090485
0.089432
0.088392
0.087364
0.086348
0.085344
0.084351
0.083370
0.082401
0.081442
0.080495
0.079559
0.078633
0.077719
0.076815
0.075922
0.075038
0.074166
0.073303
0.072451
0.071608
0.070775
0.069952
0.069138
0.068334
0.067539
0.066754
0.065978
0.065210
0.064452
0.063702
0.062961
0.062229
0.061505
0.060790
0.060083
0.059384
0.058693
0.058011
0.057336
0.056669
0.056010
0.055359
0.054715
0.054078
0.053450
0.052828
0.052213
0.051606
0.051006
0.050413
0.049826
0.049247
0.048674
0.048108
0.047549
0.046996
0.046449
0.045909
0.045375
0.044847
0.044326
0.043810
0.043300
0.042797
0.042299
0.041807
0.041321
0.040840
0.040365
0.039896
0.039432
0.038973
0.038520
0.038072
0.037629
0.037192
0.036759
0.036332
0.035909
0.035491
0.035079
0.034671
0.034267
0.033869
0.033475
0.033086
0.032701
0.032320
0.031945
0.031573
0.031206
0.030843
0.030484
0.030130
0.029779
0.029433
0.029091
0.028752
0.028418
0.028087
0.027761
0.027438
0.027119
0.026803
0.026492
0.026184
0.025879
0.025578
0.025281
0.024987
0.024696
0.024409
0.024125
0.023844
0.023567
0.023293
0.023022
0.022754
0.022490
0.022228
0.021970
0.021714
0.021461
0.021212
0.020965
0.020721
0.020480
0.020242
0.020007
0.019774
0.019544
0.019317
0.019092
0.018870
0.018651
0.018434
0.018219
0.018007
0.017798
0.017591
0.017386
0.017184
0.016984
0.016787
0.016592
0.016399
0.016208
0.016019
0.015833
0.015649
0.015467
0.015287
0.015109
0.014934
0.014760
0.014588
0.014419
0.014251
0.014085
0.013921
0.013760
0.013599
0.013441
0.013285
0.013131
0.012978
0.012827
0.012678
0.012530
0.012385
0.012241
0.012098
0.011957
0.011818
0.011681
0.011545
0.011411
0.011278
0.011147
0.011017
0.010889
0.010763
0.010637
0.010514
0.010391
0.010271
0.010151
0.010033
0.009916
0.009801
0.009687
0.009574
0.009463
0.009353
0.009244
0.009137
0.009030
0.008925
0.008822
0.008719
0.008618
0.008517
0.008418
0.008320
0.008224
0.008128
0.008034
0.007940
0.007848
0.007757
0.007666
0.007577
0.007489
0.007402
0.007316
0.007231
0.007147
0.007064
0.006981
0.006900
0.006820
0.006741
0.006662
0.006585
0.006508
0.006433
0.006358
0.006284
0.006211
0.006139
0.006067
0.005997
0.005927
0.005858
0.005790
0.005722
0.005656
0.005590
0.005525
0.005461
0.005397
0.005335
0.005273
0.005211
0.005151
0.005091
0.005032
0.004973
0.004915
0.004858
0.004802
0.004746
0.004690
0.004636
0.004582
0.004529
0.004476
0.004424
0.004373
0.004322
0.004271
0.004222
0.004173
0.004124
0.004076
0.004029
0.003982
0.003936
0.003890
0.003845
0.003800
0.003756
0.003712
0.003669
0.003626
0.003584
0.003542
0.003501
0.003460
0.003420
0.003380
0.003341
0.003302
0.003264
0.003226
0.003188
0.003151
0.003115
0.003078
0.003043
0.003007
0.002972
0.002938
0.002904
0.002870
0.002836
0.002803
0.002771
0.002739
0.002707
0.002675
0.002644
0.002613
0.002583
0.002553
0.002523
0.002494
0.002465
0.002436
0.002408
0.002380
0.002352
0.002325
0.002298
0.002271
0.002245
0.002219
0.002193
0.002167
0.002142
0.002117
0.002093
0.002068
0.002044
0.002020
0.001997
0.001974
0.001951
0.001928
0.001906
0.001884
0.001862
0.001840
0.001819
0.001797
0.001777
0.001756
0.001735
0.001715
0.001695
0.001676
0.001656
0.001637
0.001618
0.001599
0.001580
0.001562
0.001544
0.001526
0.001508
0.001491
0.001473
0.001456
0.001439
0.001422
0.001406
0.001390
0.001373
0.001357
0.001342
0.001326
0.001311
0.001295
0.001280
0.001265
0.001251
0.001236
0.001222
0.001208
0.001194
0.001180
0.001166
0.001152
0.001139
0.001126
0.001113
0.001100
0.001087
0.001074
0.001062
0.001049
0.001037
0.001025
0.001013
0.001001
0.000990
0.000978
0.000967
0.000956
0.000945
0.000934
0.000923
0.000912
0.000901
0.000891
0.000881
0.000870
0.000860
0.000850
0.000840
0.000831
0.000821
0.000811
0.000802
0.000793
0.000783
0.000774
0.000765
0.000756
0.000748
0.000739
0.000730
0.000722
0.000713
0.000705
0.000697
0.000689
0.000681
0.000673
0.000665
0.000657
0.000650
0.000642
0.000635
0.000627
0.000620
0.000613
0.000606
0.000599
0.000592
0.000585
0.000578
0.000571
0.000565
0.000558
0.000552
0.000545
0.000539
0.000533
0.000526
0.000520
0.000514
0.000508
0.000502
0.000496
0.000491
0.000485
0.000479
0.000474
0.000468
0.000463
0.000457
0.000452
0.000447
0.000442
0.000436
0.000431
0.000426
0.000421
0.000417
0.000412
0.000407
0.000402
0.000397
0.000393
0.000388
0.000384
0.000379
0.000375
0.000371
0.000366
0.000362
0.000358
0.000354
0.000349
0.000345
0.000341
