19.894609
31.594985
36.063504
37.605439
37.964873
37.848320
37.541962
37.161701
36.754455
36.339198
35.923582
35.510675
35.101684
34.697069
34.296982
33.901454
33.510464
33.123975
32.741941
32.364311
31.991036
31.622066
31.257352
30.896844
30.540494
30.188255
29.840078
29.495917
29.155726
28.819458
28.487069
28.158514
27.833748
27.512728
27.195410
26.881753
26.571713
26.265249
25.962320
25.662885
25.366904
25.074336
24.785143
24.499285
24.216724
23.937423
23.661342
23.388447
23.118698
22.852061
22.588499
22.327977
22.070460
21.815913
21.564302
21.315593
21.069753
20.826748
20.586546
20.349114
20.114421
19.882434
19.653124
19.426458
19.202406
18.980939
18.762026
18.545638
18.331745
18.120320
17.911333
17.704756
17.500563
17.298724
17.099213
16.902003
16.707068
16.514381
16.323917
16.135649
15.949553
15.765603
15.583775
15.404044
15.226386
15.050776
14.877193
14.705611
14.536008
14.368362
14.202649
14.038847
13.876935
13.716890
13.558691
13.402316
13.247745
13.094957
12.943931
12.794647
12.647084
12.501224
12.357046
12.214531
12.073659
11.934412
11.796772
11.660718
11.526234
11.393301
11.261901
11.132017
11.003631
10.876725
10.751283
10.627288
10.504723
10.383572
10.263817
10.145444
10.028437
9.912779
9.798454
9.685449
9.573746
9.463332
9.354192
9.246310
9.139672
9.034265
8.930073
8.827082
8.725280
8.624652
8.525184
8.426863
8.329677
8.233611
8.138653
8.044791
7.952011
7.860301
7.769649
7.680042
7.591469
7.503917
7.417376
7.331832
7.247275
7.163693
7.081075
6.999410
6.918686
6.838894
6.760022
6.682060
6.604997
6.528823
6.453527
6.379099
6.305530
6.232810
6.160928
6.089875
6.019642
5.950219
5.881596
5.813765
5.746716
5.680440
5.614929
5.550174
5.486165
5.422894
5.360353
5.298534
5.237427
5.177025
5.117320
5.058303
4.999967
4.942304
4.885306
4.828965
4.773274
4.718226
4.663812
4.610026
4.556860
4.504307
4.452360
4.401013
4.350257
4.300087
4.250496
4.201477
4.153022
4.105127
4.057784
4.010987
3.964730
3.919007
3.873810
3.829135
3.784975
3.741325
3.698178
3.655528
3.613370
3.571699
3.530508
3.489792
3.449546
3.409764
3.370441
3.331571
3.293150
3.255171
3.217631
3.180524
3.143844
3.107588
3.071750
3.036325
3.001308
2.966696
2.932482
2.898664
2.865235
2.832192
2.799529
2.767244
2.735331
2.703786
2.672605
2.641783
2.611317
2.581202
2.551435
2.522010
2.492926
2.464176
2.435758
2.407668
2.379902
2.352456
2.325327
2.298510
2.272003
2.245801
2.219902
2.194301
2.168996
2.143982
2.119257
2.094817
2.070659
2.046779
2.023175
1.999844
1.976781
1.953984
1.931450
1.909176
1.887159
1.865396
1.843883
1.822619
1.801600
1.780824
1.760287
1.739987
1.719921
1.700086
1.680480
1.661101
1.641945
1.623009
1.604292
1.585791
1.567504
1.549427
1.531559
1.513896
1.496438
1.479181
1.462123
1.445261
1.428594
1.412119
1.395835
1.379738
1.363826
1.348099
1.332552
1.317185
1.301995
1.286980
1.272139
1.257468
1.242967
1.228633
1.214464
1.200459
1.186615
1.172931
1.159405
1.146034
1.132818
1.119755
1.106841
1.094077
1.081460
1.068989
1.056661
1.044476
1.032431
1.020525
1.008756
0.997123
0.985624
0.974258
0.963023
0.951918
0.940940
0.930089
0.919363
0.908761
0.898282
0.887923
0.877683
0.867562
0.857557
0.847668
0.837893
0.828230
0.818679
0.809238
0.799906
0.790682
0.781564
0.772551
0.763642
0.754835
0.746131
0.737527
0.729021
0.720614
0.712304
0.704090
0.695971
0.687945
0.680012
0.672170
0.664419
0.656757
0.649183
0.641697
0.634297
0.626982
0.619752
0.612605
0.605541
0.598558
0.591655
0.584833
0.578088
0.571422
0.564833
0.558319
0.551881
0.545517
0.539226
0.533008
0.526861
0.520785
0.514780
0.508844
0.502976
0.497176
0.491442
0.485775
0.480173
0.474636
0.469163
0.463753
0.458405
0.453119
0.447893
0.442728
0.437623
0.432577
0.427588
0.422657
0.417784
0.412966
0.408204
0.403496
0.398843
0.394244
0.389698
0.385204
0.380762
0.376371
0.372031
0.367741
0.363500
0.359309
0.355165
0.351070
0.347021
0.343020
0.339064
0.335154
0.331289
0.327469
0.323693
0.319960
0.316271
0.312624
0.309019
0.305455
0.301933
0.298451
0.295009
0.291608
0.288245
0.284921
0.281635
0.278388
0.275178
0.272004
0.268868
0.265767
0.262703
0.259673
0.256679
0.253719
0.250793
0.247901
0.245043
0.242217
0.239424
0.236663
0.233934
0.231236
0.228570
0.225934
0.223329
0.220754
0.218208
0.215692
0.213205
0.210746
0.208316
0.205914
0.203539
0.201192
0.198872
0.196579
0.194312
0.192071
0.189857
0.187667
0.185503
0.183364
0.181250
0.179160
0.177094
0.175052
0.173033
0.171038
0.169066
0.167116
0.165189
0.163284
0.161401
0.159540
0.157701
0.155882
0.154085
0.152308
0.150551
0.148815
0.147099
0.145403
0.143727
0.142069
0.140431
0.138812
0.137211
0.135629
0.134065
0.132519
0.130991
0.129480
0.127987
0.126511
0.125053
0.123611
0.122185
0.120776
0.119384
0.118007
0.116646
0.115301
0.113972
0.112658
0.111358
0.110074
0.108805
0.107550
0.106310
0.105084
0.103873
0.102675
0.101491
0.100321
0.099164
0.098020
0.096890
0.095773
0.094669
0.093577
0.092498
0.091431
0.090377
0.089335
0.088305
0.087287
0.086280
0.085285
0.084302
0.083330
0.082369
0.081419
0.080480
0.079552
0.078635
0.077728
0.076832
0.075946
0.075070
0.074205
0.073349
0.072503
0.071667
0.070841
0.070024
0.069217
0.068418
0.067629
0.066850
0.066079
0.065317
0.064564
0.063819
0.063083
0.062356
0.061637
0.060926
0.060224
0.059529
0.058843
0.058164
0.057494
0.056831
0.056175
0.055528
0.054887
0.054255
0.053629
0.053011
0.052399
0.051795
0.051198
0.050608
0.050024
0.049447
0.048877
0.048313
0.047756
0.047206
0.046661
0.046123
0.045591
0.045066
0.044546
0.044033
0.043525
0.043023
0.042527
0.042036
0.041552
0.041073
0.040599
0.040131
0.039668
0.039211
0.038759
0.038312
0.037870
0.037433
0.037002
0.036575
0.036153
0.035736
0.035324
0.034917
0.034514
0.034117
0.033723
0.033334
0.032950
0.032570
0.032194
0.031823
0.031456
0.031094
0.030735
0.030381
0.030030
0.029684
0.029342
0.029004
0.028669
0.028339
0.028012
0.027689
0.027370
0.027054
0.026742
0.026434
0.026129
0.025828
0.025530
0.025235
0.024944
0.024657
0.024373
0.024091
0.023814
0.023539
0.023268
0.022999
0.022734
0.022472
0.022213
0.021957
0.021704
0.021453
0.021206
0.020962
0.020720
0.020481
0.020245
0.020011
0.019781
0.019553
0.019327
0.019104
0.018884
0.018666
0.018451
0.018238
0.018028
0.017820
0.017615
0.017412
0.017211
0.017012
0.016816
0.016622
0.016431
0.016241
0.016054
0.015869
0.015686
0.015505
0.015326
0.015150
0.014975
0.014802
0.014632
0.014463
0.014296
0.014131
0.013968
0.013807
0.013648
0.013491
0.013335
0.013181
0.013029
0.012879
0.012731
0.012584
0.012439
0.012295
0.012154
0.012013
0.011875
0.011738
0.011603
0.011469
0.011337
0.011206
0.011077
0.010949
0.010823
0.010698
0.010575
0.010453
0.010332
0.010213
0.010095
0.009979
0.009864
0.009750
0.009638
0.009527
0.009417
0.009308
0.009201
0.009095
0.008990
0.008886
0.008784
0.008683
0.008582
0.008483
0.008386
0.008289
0.008193
0.008099
0.008006
0.007913
0.007822
0.007732
0.007643
0.007555
0.007467
0.007381
0.007296
0.007212
0.007129
0.007047
0.006966
0.006885
0.006806
0.006727
0.006650
0.006573
0.006497
0.006422
0.006348
0.006275
0.006203
0.006131
0.006061
0.005991
0.005922
0.005853
0.005786
0.005719
0.005653
0.005588
0.005524
0.005460
0.005397
0.005335
0.005273
0.005212
0.005152
0.005093
0.005034
0.004976
0.004919
0.004862
0.004806
0.004751
0.004696
0.004642
0.004588
0.004535
0.004483
0.004431
0.004380
0.004330
0.004280
0.004230
0.004182
0.004133
0.004086
0.004039
0.003992
0.003946
0.003901
0.003856
0.003811
0.003767
0.003724
0.003681
0.003638
0.003596
0.003555
0.003514
0.003474
0.003433
0.003394
0.003355
0.003316
0.003278
0.003240
0.003203
0.003166
0.003129
0.003093
0.003058
0.003022
0.002987
0.002953
0.002919
0.002885
0.002852
0.002819
0.002787
0.002755
0.002723
0.002691
0.002660
0.002630
0.002599
0.002569
0.002540
0.002510
0.002482
0.002453
0.002425
0.002397
0.002369
0.002342
0.002315
0.002288
0.002262
0.002236
0.002210
0.002184
0.002159
0.002134
0.002110
0.002085
0.002061
0.002038
0.002014
0.001991
0.001968
0.001945
0.001923
0.001901
0.001879
0.001857
0.001836
0.001814
0.001794
0.001773
0.001752
0.001732
0.001712
0.001692
0.001673
0.001654
0.001635
0.001616
0.001597
0.001579
0.001561
0.001543
0.001525
0.001507
0.001490
0.001473
0.001456
0.001439
0.001422
0.001406
0.001390
0.001374
0.001358
0.001342
0.001327
0.001311
0.001296
0.001281
0.001267
0.001252
0.001237
0.001223
0.001209
0.001195
0.001181
0.001168
0.001154
0.001141
0.001128
0.001115
0.001102
0.001089
0.001077
0.001064
0.001052
0.001040
0.001028
0.001016
0.001004
0.000993
0.000981
0.000970
0.000959
0.000948
0.000937
0.000926
0.000915
0.000905
0.000894
0.000884
0.000874
0.000864
0.000854
0.000844
0.000834
0.000825
0.000815
0.000806
0.000796
0.000787
0.000778
0.000769
0.000760
0.000752
0.000743
0.000734
0.000726
0.000718
0.000709
0.000701
0.000693
0.000685
0.000677
0.000669
0.000662
0.000654
0.000646
0.000639
0.000632
0.000624
0.000617
0.000610
0.000603
0.000596
0.000589
0.000582
0.000576
0.000569
0.000562
0.000556
0.000550
0.000543
0.000537
0.000531
0.000525
0.000519
0.000513
0.000507
0.000501
0.000495
0.000489
0.000484
0.000478
0.000473
0.000467
0.000462
0.000456
0.000451
0.000446
0.000441
0.000436
0.000431
0.000426
0.000421
0.000416
0.000411
0.000406
0.000402
0.000397
0.000393
0.000388
0.000384
0.000379
0.000375
