19.752026
31.484141
35.898282
37.393829
37.727185
37.599557
37.290863
36.912826
36.510019
36.100203
35.690437
35.283505
34.880488
34.481785
34.087523
33.697724
33.312364
32.931404
32.554797
32.182497
31.814454
31.450619
31.090946
30.735386
30.383893
30.036419
29.692919
29.353348
29.017660
28.685811
28.357758
28.033456
27.712863
27.395937
27.082635
26.772916
26.466739
26.164064
25.864851
25.569059
25.276650
24.987586
24.701827
24.419336
24.140076
23.864010
23.591101
23.321313
23.054610
22.790958
22.530320
22.272664
22.017954
21.766157
21.517240
21.271170
21.027913
20.787439
20.549715
20.314709
20.082391
19.852730
19.625696
19.401258
19.179387
18.960053
18.743227
18.528881
18.316987
18.107516
17.900440
17.695732
17.493366
17.293314
17.095550
16.900047
16.706781
16.515724
16.326853
16.140141
15.955565
15.773100
15.592721
15.414406
15.238129
15.063869
14.891601
14.721303
14.552953
14.386529
14.222007
14.059367
13.898587
13.739646
13.582523
13.427196
13.273646
13.121851
12.971793
12.823451
12.676805
12.531836
12.388526
12.246854
12.106802
11.968352
11.831485
11.696184
11.562430
11.430205
11.299493
11.170275
11.042535
10.916256
10.791421
10.668014
10.546018
10.425418
10.306196
10.188338
10.071828
9.956650
9.842789
9.730231
9.618959
9.508960
9.400220
9.292722
9.186454
9.081402
8.977550
8.874887
8.773397
8.673068
8.573886
8.475839
8.378913
8.283095
8.188373
8.094735
8.002167
7.910658
7.820195
7.730767
7.642362
7.554967
7.468572
7.383165
7.298735
7.215270
7.132760
7.051193
6.970559
6.890847
6.812047
6.734148
6.657140
6.581012
6.505756
6.431359
6.357814
6.285109
6.213236
6.142185
6.071946
6.002511
5.933870
5.866014
5.798933
5.732620
5.667065
5.602260
5.538196
5.474864
5.412257
5.350366
5.289182
5.228699
5.168907
5.109798
5.051366
4.993602
4.936498
4.880048
4.824243
4.769076
4.714540
4.660627
4.607332
4.554645
4.502562
4.451073
4.400174
4.349857
4.300115
4.250942
4.202331
4.154276
4.106771
4.059809
4.013384
3.967490
3.922121
3.877270
3.832933
3.789102
3.745773
3.702939
3.660595
3.618735
3.577354
3.536447
3.496007
3.456029
3.416509
3.377440
3.338819
3.300639
3.262895
3.225583
3.188698
3.152235
3.116189
3.080555
3.045328
3.010504
2.976079
2.942047
2.908404
2.875146
2.842269
2.809767
2.777637
2.745874
2.714475
2.683435
2.652749
2.622415
2.592428
2.562783
2.533477
2.504507
2.475868
2.447556
2.419568
2.391900
2.364549
2.337510
2.310780
2.284357
2.258235
2.232412
2.206884
2.181649
2.156701
2.132040
2.107660
2.083559
2.059733
2.036180
2.012896
1.989879
1.967125
1.944631
1.922394
1.900412
1.878681
1.857198
1.835961
1.814967
1.794213
1.773696
1.753414
1.733364
1.713543
1.693949
1.674579
1.655430
1.636501
1.617787
1.599288
1.581000
1.562922
1.545050
1.527383
1.509917
1.492652
1.475583
1.458710
1.442030
1.425541
1.409240
1.393126
1.377195
1.361448
1.345880
1.330490
1.315276
1.300236
1.285368
1.270670
1.256140
1.241777
1.227577
1.213540
1.199664
1.185946
1.172385
1.158979
1.145726
1.132625
1.119674
1.106871
1.094214
1.081702
1.069333
1.057105
1.045018
1.033068
1.021256
1.009578
0.998034
0.986621
0.975340
0.964187
0.953162
0.942263
0.931488
0.920837
0.910308
0.899899
0.889609
0.879436
0.869380
0.859439
0.849612
0.839897
0.830293
0.820799
0.811413
0.802135
0.792963
0.783896
0.774932
0.766071
0.757312
0.748652
0.740092
0.731629
0.723263
0.714993
0.706817
0.698735
0.690746
0.682847
0.675039
0.667320
0.659690
0.652147
0.644690
0.637318
0.630031
0.622827
0.615705
0.608665
0.601705
0.594825
0.588023
0.581299
0.574653
0.568082
0.561586
0.555165
0.548817
0.542541
0.536338
0.530205
0.524142
0.518149
0.512224
0.506367
0.500577
0.494854
0.489195
0.483602
0.478072
0.472605
0.467201
0.461859
0.456578
0.451358
0.446197
0.441095
0.436051
0.431065
0.426136
0.421264
0.416447
0.411685
0.406978
0.402324
0.397724
0.393176
0.388680
0.384236
0.379843
0.375499
0.371206
0.366961
0.362765
0.358618
0.354517
0.350463
0.346456
0.342495
0.338578
0.334707
0.330880
0.327097
0.323357
0.319659
0.316004
0.312391
0.308819
0.305288
0.301797
0.298346
0.294935
0.291563
0.288229
0.284933
0.281675
0.278455
0.275271
0.272123
0.269012
0.265936
0.262895
0.259889
0.256917
0.253980
0.251076
0.248205
0.245367
0.242561
0.239788
0.237046
0.234336
0.231656
0.229008
0.226389
0.223801
0.221242
0.218712
0.216211
0.213739
0.211295
0.208879
0.206491
0.204130
0.201796
0.199488
0.197207
0.194953
0.192723
0.190520
0.188341
0.186188
0.184059
0.181955
0.179874
0.177817
0.175784
0.173774
0.171787
0.169823
0.167882
0.165962
0.164064
0.162188
0.160334
0.158501
0.156688
0.154897
0.153126
0.151375
0.149644
0.147933
0.146242
0.144570
0.142917
0.141283
0.139667
0.138070
0.136492
0.134931
0.133388
0.131863
0.130355
0.128865
0.127391
0.125935
0.124495
0.123071
0.121664
0.120273
0.118898
0.117539
0.116195
0.114866
0.113553
0.112254
0.110971
0.109702
0.108448
0.107208
0.105982
0.104770
0.103572
0.102388
0.101217
0.100060
0.098916
0.097785
0.096667
0.095562
0.094469
0.093389
0.092321
0.091266
0.090222
0.089191
0.088171
0.087163
0.086166
0.085181
0.084207
0.083244
0.082292
0.081352
0.080421
0.079502
0.078593
0.077694
0.076806
0.075928
0.075060
0.074201
0.073353
0.072514
0.071685
0.070866
0.070055
0.069254
0.068463
0.067680
0.066906
0.066141
0.065385
0.064637
0.063898
0.063168
0.062445
0.061731
0.061026
0.060328
0.059638
0.058956
0.058282
0.057616
0.056957
0.056306
0.055662
0.055026
0.054397
0.053775
0.053160
0.052552
0.051951
0.051357
0.050770
0.050189
0.049616
0.049048
0.048488
0.047933
0.047385
0.046843
0.046308
0.045778
0.045255
0.044737
0.044226
0.043720
0.043220
0.042726
0.042238
0.041755
0.041277
0.040806
0.040339
0.039878
0.039422
0.038971
0.038526
0.038085
0.037650
0.037219
0.036794
0.036373
0.035957
0.035546
0.035140
0.034738
0.034341
0.033948
0.033560
0.033176
0.032797
0.032422
0.032051
0.031685
0.031323
0.030964
0.030610
0.030260
0.029914
0.029572
0.029234
0.028900
0.028570
0.028243
0.027920
0.027601
0.027285
0.026973
0.026665
0.026360
0.026059
0.025761
0.025466
0.025175
0.024887
0.024603
0.024321
0.024043
0.023768
0.023497
0.023228
0.022963
0.022700
0.022440
0.022184
0.021930
0.021680
0.021432
0.021187
0.020944
0.020705
0.020468
0.020234
0.020003
0.019774
0.019548
0.019325
0.019104
0.018885
0.018669
0.018456
0.018245
0.018036
0.017830
0.017626
0.017425
0.017225
0.017029
0.016834
0.016641
0.016451
0.016263
0.016077
0.015893
0.015712
0.015532
0.015354
0.015179
0.015005
0.014834
0.014664
0.014496
0.014331
0.014167
0.014005
0.013845
0.013687
0.013530
0.013375
0.013222
0.013071
0.012922
0.012774
0.012628
0.012484
0.012341
0.012200
0.012060
0.011923
0.011786
0.011651
0.011518
0.011387
0.011256
0.011128
0.011000
0.010875
0.010750
0.010627
0.010506
0.010386
0.010267
0.010150
0.010034
0.009919
0.009806
0.009693
0.009583
0.009473
0.009365
0.009258
0.009152
0.009047
0.008944
0.008842
0.008740
0.008641
0.008542
0.008444
0.008348
0.008252
0.008158
0.008065
0.007972
0.007881
0.007791
0.007702
0.007614
0.007527
0.007441
0.007356
0.007272
0.007189
0.007106
0.007025
0.006945
0.006865
0.006787
0.006709
0.006633
0.006557
0.006482
0.006408
0.006334
0.006262
0.006190
0.006120
0.006050
0.005981
0.005912
0.005845
0.005778
0.005712
0.005646
0.005582
0.005518
0.005455
0.005393
0.005331
0.005270
0.005210
0.005150
0.005091
0.005033
0.004976
0.004919
0.004862
0.004807
0.004752
0.004698
0.004644
0.004591
0.004538
0.004486
0.004435
0.004384
0.004334
0.004285
0.004236
0.004187
0.004139
0.004092
0.004045
0.003999
0.003953
0.003908
0.003864
0.003819
0.003776
0.003733
0.003690
0.003648
0.003606
0.003565
0.003524
0.003484
0.003444
0.003404
0.003366
0.003327
0.003289
0.003251
0.003214
0.003178
0.003141
0.003105
0.003070
0.003035
0.003000
0.002966
0.002932
0.002898
0.002865
0.002832
0.002800
0.002768
0.002736
0.002705
0.002674
0.002644
0.002613
0.002583
0.002554
0.002525
0.002496
0.002467
0.002439
0.002411
0.002384
0.002356
0.002330
0.002303
0.002277
0.002251
0.002225
0.002199
0.002174
0.002149
0.002125
0.002100
0.002076
0.002053
0.002029
0.002006
0.001983
0.001960
0.001938
0.001916
0.001894
0.001872
0.001851
0.001830
0.001809
0.001788
0.001768
0.001748
0.001728
0.001708
0.001688
0.001669
0.001650
0.001631
0.001612
0.001594
0.001576
0.001558
0.001540
0.001522
0.001505
0.001488
0.001471
0.001454
0.001437
0.001421
0.001405
0.001389
0.001373
0.001357
0.001341
0.001326
0.001311
0.001296
0.001281
0.001267
0.001252
0.001238
0.001224
0.001210
0.001196
0.001182
0.001169
0.001155
0.001142
0.001129
0.001116
0.001103
0.001091
0.001078
0.001066
0.001054
0.001042
0.001030
0.001018
0.001006
0.000995
0.000983
0.000972
0.000961
0.000950
0.000939
0.000928
0.000918
0.000907
0.000897
0.000887
0.000877
0.000867
0.000857
0.000847
0.000837
0.000828
0.000818
0.000809
0.000800
0.000790
0.000781
0.000772
0.000764
0.000755
0.000746
0.000738
0.000729
0.000721
0.000713
0.000705
0.000697
0.000689
0.000681
0.000673
0.000665
0.000658
0.000650
0.000643
0.000635
0.000628
0.000621
0.000614
0.000607
0.000600
0.000593
0.000586
0.000579
0.000573
0.000566
0.000560
0.000553
0.000547
0.000541
0.000535
0.000529
0.000522
0.000517
0.000511
0.000505
0.000499
0.000493
0.000488
0.000482
0.000477
0.000471
0.000466
0.000460
0.000455
0.000450
0.000445
0.000440
0.000435
0.000430
0.000425
0.000420
0.000415
0.000410
