19.471113
31.258360
35.563066
36.968863
37.253360
37.105923
36.793870
36.420844
36.027005
35.627897
35.229517
34.834159
34.442683
34.055392
33.672372
33.293627
32.919131
32.548842
32.182716
31.820708
31.462772
31.108863
30.758934
30.412942
30.070841
29.732589
29.398142
29.067457
28.740492
28.417205
28.097554
27.781500
27.469000
27.160016
26.854507
26.552435
26.253761
25.958447
25.666455
25.377747
25.092287
24.810038
24.530964
24.255029
23.982198
23.712436
23.445709
23.181982
22.921221
22.663394
22.408467
22.156408
21.907184
21.660764
21.417115
21.176207
20.938009
20.702491
20.469622
20.239372
20.011712
19.786613
19.564047
19.343984
19.126396
18.911256
18.698536
18.488208
18.280247
18.074625
17.871316
17.670294
17.471533
17.275008
17.080694
16.888565
16.698597
16.510767
16.325049
16.141420
15.959857
15.780337
15.602835
15.427331
15.253800
15.082221
14.912573
14.744833
14.578979
14.414992
14.252848
14.092529
13.934013
13.777280
13.622311
13.469084
13.317581
13.167782
13.019669
12.873221
12.728420
12.585249
12.443688
12.303719
12.165325
12.028487
11.893189
11.759412
11.627141
11.496357
11.367044
11.239186
11.112766
10.987768
10.864176
10.741975
10.621148
10.501680
10.383556
10.266761
10.151279
10.037096
9.924198
9.812570
9.702197
9.593066
9.485163
9.378473
9.272983
9.168680
9.065550
8.963580
8.862758
8.763069
8.664502
8.567043
8.470681
8.375402
8.281195
8.188048
8.095949
8.004886
7.914847
7.825820
7.737796
7.650761
7.564705
7.479618
7.395487
7.312303
7.230054
7.148731
7.068322
6.988818
6.910208
6.832482
6.755631
6.679644
6.604511
6.530224
6.456773
6.384148
6.312339
6.241338
6.171136
6.101724
6.033092
5.965233
5.898136
5.831795
5.766199
5.701342
5.637214
5.573807
5.511114
5.449125
5.387834
5.327233
5.267313
5.208067
5.149487
5.091567
5.034298
4.977673
4.921685
4.866326
4.811591
4.757471
4.703960
4.651051
4.598736
4.547011
4.495867
4.445298
4.395299
4.345861
4.296980
4.248648
4.200861
4.153610
4.106892
4.060698
4.015024
3.969864
3.925212
3.881063
3.837410
3.794247
3.751571
3.709374
3.667652
3.626399
3.585611
3.545281
3.505404
3.465977
3.426993
3.388447
3.350335
3.312651
3.275391
3.238551
3.202125
3.166108
3.130497
3.095286
3.060472
3.026048
2.992013
2.958359
2.925085
2.892185
2.859654
2.827490
2.795688
2.764243
2.733152
2.702410
2.672015
2.641961
2.612245
2.582864
2.553813
2.525088
2.496687
2.468606
2.440840
2.413386
2.386242
2.359402
2.332865
2.306626
2.280682
2.255030
2.229666
2.204588
2.179792
2.155275
2.131033
2.107064
2.083365
2.059932
2.036763
2.013855
1.991204
1.968808
1.946664
1.924769
1.903120
1.881715
1.860550
1.839624
1.818933
1.798474
1.778246
1.758245
1.738470
1.718916
1.699583
1.680467
1.661566
1.642878
1.624400
1.606129
1.588064
1.570203
1.552542
1.535080
1.517814
1.500743
1.483864
1.467174
1.450672
1.434356
1.418223
1.402272
1.386500
1.370906
1.355487
1.340241
1.325167
1.310262
1.295525
1.280954
1.266547
1.252301
1.238216
1.224290
1.210520
1.196905
1.183443
1.170132
1.156971
1.143959
1.131092
1.118371
1.105792
1.093355
1.081058
1.068899
1.056876
1.044989
1.033236
1.021615
1.010125
0.998764
0.987530
0.976423
0.965441
0.954583
0.943846
0.933231
0.922735
0.912356
0.902095
0.891949
0.881917
0.871998
0.862190
0.852493
0.842905
0.833425
0.824051
0.814783
0.805619
0.796558
0.787599
0.778741
0.769982
0.761322
0.752759
0.744293
0.735922
0.727645
0.719461
0.711369
0.703368
0.695457
0.687635
0.679902
0.672255
0.664694
0.657218
0.649826
0.642517
0.635291
0.628146
0.621081
0.614096
0.607189
0.600360
0.593608
0.586931
0.580330
0.573803
0.567349
0.560968
0.554659
0.548421
0.542253
0.536154
0.530124
0.524162
0.518266
0.512438
0.506674
0.500976
0.495341
0.489770
0.484262
0.478815
0.473430
0.468105
0.462841
0.457635
0.452488
0.447399
0.442367
0.437392
0.432472
0.427608
0.422799
0.418044
0.413342
0.408693
0.404097
0.399552
0.395058
0.390615
0.386222
0.381878
0.377583
0.373337
0.369138
0.364986
0.360881
0.356822
0.352809
0.348841
0.344918
0.341039
0.337203
0.333411
0.329661
0.325953
0.322287
0.318663
0.315079
0.311535
0.308031
0.304567
0.301141
0.297755
0.294406
0.291095
0.287821
0.284584
0.281383
0.278218
0.275089
0.271996
0.268936
0.265912
0.262921
0.259964
0.257040
0.254150
0.251291
0.248465
0.245671
0.242908
0.240176
0.237474
0.234804
0.232163
0.229552
0.226970
0.224417
0.221894
0.219398
0.216930
0.214491
0.212078
0.209693
0.207335
0.205003
0.202697
0.200418
0.198164
0.195935
0.193731
0.191553
0.189398
0.187268
0.185162
0.183080
0.181021
0.178985
0.176972
0.174981
0.173014
0.171068
0.169144
0.167242
0.165361
0.163501
0.161662
0.159844
0.158046
0.156269
0.154511
0.152774
0.151055
0.149357
0.147677
0.146016
0.144374
0.142750
0.141145
0.139557
0.137988
0.136436
0.134901
0.133384
0.131884
0.130401
0.128934
0.127484
0.126051
0.124633
0.123231
0.121845
0.120475
0.119120
0.117780
0.116456
0.115146
0.113851
0.112571
0.111305
0.110053
0.108815
0.107591
0.106381
0.105185
0.104002
0.102832
0.101676
0.100532
0.099402
0.098284
0.097179
0.096086
0.095005
0.093937
0.092880
0.091836
0.090803
0.089782
0.088772
0.087773
0.086786
0.085810
0.084845
0.083891
0.082948
0.082015
0.081092
0.080180
0.079279
0.078387
0.077505
0.076634
0.075772
0.074920
0.074077
0.073244
0.072420
0.071606
0.070801
0.070004
0.069217
0.068439
0.067669
0.066908
0.066156
0.065412
0.064676
0.063949
0.063229
0.062518
0.061815
0.061120
0.060433
0.059753
0.059081
0.058417
0.057760
0.057110
0.056468
0.055833
0.055205
0.054584
0.053970
0.053363
0.052763
0.052170
0.051583
0.051003
0.050429
0.049862
0.049301
0.048747
0.048199
0.047657
0.047121
0.046591
0.046067
0.045549
0.045036
0.044530
0.044029
0.043534
0.043044
0.042560
0.042082
0.041608
0.041141
0.040678
0.040220
0.039768
0.039321
0.038879
0.038441
0.038009
0.037582
0.037159
0.036741
0.036328
0.035919
0.035515
0.035116
0.034721
0.034331
0.033945
0.033563
0.033185
0.032812
0.032443
0.032078
0.031718
0.031361
0.031008
0.030659
0.030315
0.029974
0.029637
0.029303
0.028974
0.028648
0.028326
0.028007
0.027692
0.027381
0.027073
0.026769
0.026467
0.026170
0.025876
0.025585
0.025297
0.025012
0.024731
0.024453
0.024178
0.023906
0.023637
0.023371
0.023109
0.022849
0.022592
0.022338
0.022086
0.021838
0.021592
0.021350
0.021110
0.020872
0.020637
0.020405
0.020176
0.019949
0.019725
0.019503
0.019283
0.019067
0.018852
0.018640
0.018431
0.018223
0.018018
0.017816
0.017615
0.017417
0.017221
0.017028
0.016836
0.016647
0.016460
0.016275
0.016092
0.015911
0.015732
0.015555
0.015380
0.015207
0.015036
0.014867
0.014700
0.014534
0.014371
0.014209
0.014049
0.013891
0.013735
0.013581
0.013428
0.013277
0.013128
0.012980
0.012834
0.012690
0.012547
0.012406
0.012267
0.012129
0.011992
0.011857
0.011724
0.011592
0.011462
0.011333
0.011205
0.011079
0.010955
0.010832
0.010710
0.010589
0.010470
0.010353
0.010236
0.010121
0.010007
0.009895
0.009783
0.009673
0.009565
0.009457
0.009351
0.009246
0.009142
0.009039
0.008937
0.008837
0.008737
0.008639
0.008542
0.008446
0.008351
0.008257
0.008164
0.008072
0.007981
0.007892
0.007803
0.007715
0.007628
0.007543
0.007458
0.007374
0.007291
0.007209
0.007128
0.007048
0.006969
0.006890
0.006813
0.006736
0.006660
0.006585
0.006511
0.006438
0.006366
0.006294
0.006223
0.006153
0.006084
0.006016
0.005948
0.005881
0.005815
0.005750
0.005685
0.005621
0.005558
0.005495
0.005434
0.005373
0.005312
0.005252
0.005193
0.005135
0.005077
0.005020
0.004964
0.004908
0.004853
0.004798
0.004744
0.004691
0.004638
0.004586
0.004534
0.004483
0.004433
0.004383
0.004334
0.004285
0.004237
0.004189
0.004142
0.004095
0.004049
0.004004
0.003959
0.003914
0.003870
0.003827
0.003784
0.003741
0.003699
0.003658
0.003616
0.003576
0.003536
0.003496
0.003456
0.003418
0.003379
0.003341
0.003304
0.003266
0.003230
0.003193
0.003158
0.003122
0.003087
0.003052
0.003018
0.002984
0.002950
0.002917
0.002884
0.002852
0.002820
0.002788
0.002757
0.002726
0.002695
0.002665
0.002635
0.002605
0.002576
0.002547
0.002518
0.002490
0.002462
0.002434
0.002407
0.002380
0.002353
0.002327
0.002301
0.002275
0.002249
0.002224
0.002199
0.002174
0.002150
0.002125
0.002102
0.002078
0.002055
0.002031
0.002009
0.001986
0.001964
0.001942
0.001920
0.001898
0.001877
0.001856
0.001835
0.001814
0.001794
0.001774
0.001754
0.001734
0.001714
0.001695
0.001676
0.001657
0.001639
0.001620
0.001602
0.001584
0.001566
0.001549
0.001531
0.001514
0.001497
0.001480
0.001463
0.001447
0.001431
0.001415
0.001399
0.001383
0.001367
0.001352
0.001337
0.001322
0.001307
0.001292
0.001278
0.001263
0.001249
0.001235
0.001221
0.001207
0.001194
0.001180
0.001167
0.001154
0.001141
0.001128
0.001116
0.001103
0.001091
0.001078
0.001066
0.001054
0.001042
0.001031
0.001019
0.001008
0.000996
0.000985
0.000974
0.000963
0.000952
0.000942
0.000931
0.000920
0.000910
0.000900
0.000890
0.000880
0.000870
0.000860
0.000850
0.000841
0.000831
0.000822
0.000813
0.000804
0.000795
0.000786
0.000777
0.000768
0.000759
0.000751
0.000742
0.000734
0.000726
0.000718
0.000710
0.000702
0.000694
0.000686
0.000678
0.000671
0.000663
0.000656
0.000648
0.000641
0.000634
0.000627
0.000620
0.000613
0.000606
0.000599
0.000592
0.000585
0.000579
0.000572
0.000566
0.000560
0.000553
0.000547
0.000541
0.000535
0.000529
0.000523
0.000517
0.000511
0.000505
0.000500
0.000494
0.000489
