19.610864
31.371903
35.731417
37.181583
37.489972
37.352062
37.041482
36.665865
36.267531
35.863100
35.459078
35.057996
34.660816
34.267886
33.879312
33.495106
33.115242
32.739680
32.368375
32.001280
31.638349
31.279533
30.924787
30.574065
30.227320
29.884507
29.545583
29.210503
28.879223
28.551700
28.227892
27.907756
27.591251
27.278336
26.968969
26.663111
26.360723
26.061763
25.766195
25.473978
25.185076
24.899450
24.617064
24.337881
24.061863
23.788976
23.519185
23.252453
22.988746
22.728030
22.470270
22.215434
21.963489
21.714401
21.468137
21.224667
20.983958
20.745979
20.510699
20.278088
20.048114
19.820749
19.595962
19.373725
19.154008
18.936784
18.722022
18.509697
18.299779
18.092243
17.887060
17.684204
17.483648
17.285368
17.089336
16.895527
16.703916
16.514479
16.327190
16.142025
15.958960
15.777971
15.599035
15.422128
15.247228
15.074311
14.903355
14.734339
14.567239
14.402034
14.238702
14.077224
13.917576
13.759739
13.603692
13.449415
13.296888
13.146090
12.997003
12.849607
12.703882
12.559810
12.417371
12.276549
12.137323
11.999676
11.863591
11.729048
11.596032
11.464524
11.334508
11.205966
11.078882
10.953239
10.829022
10.706213
10.584796
10.464757
10.346079
10.228747
10.112746
9.998060
9.884675
9.772576
9.661748
9.552178
9.443849
9.336750
9.230865
9.126181
9.022684
8.920360
8.819198
8.719182
8.620301
8.522541
8.425890
8.330335
8.235864
8.142464
8.050124
7.958830
7.868572
7.779338
7.691116
7.603894
7.517661
7.432406
7.348119
7.264787
7.182400
7.100947
7.020419
6.940803
6.862091
6.784271
6.707333
6.631269
6.556066
6.481717
6.408211
6.335539
6.263690
6.192657
6.122429
6.052997
5.984353
5.916488
5.849392
5.783057
5.717474
5.652636
5.588532
5.525155
5.462498
5.400550
5.339306
5.278755
5.218892
5.159708
5.101194
5.043344
4.986151
4.929606
4.873702
4.818432
4.763789
4.709766
4.656355
4.603550
4.551344
4.499730
4.448701
4.398252
4.348374
4.299062
4.250309
4.202109
4.154455
4.107342
4.060764
4.014713
3.969185
3.924173
3.879672
3.835675
3.792177
3.749173
3.706656
3.664621
3.623063
3.581977
3.541356
3.501196
3.461491
3.422237
3.383428
3.345059
3.307125
3.269622
3.232543
3.195885
3.159643
3.123812
3.088387
3.053364
3.018738
2.984505
2.950660
2.917199
2.884118
2.851411
2.819075
2.787107
2.755500
2.724252
2.693359
2.662816
2.632619
2.602764
2.573249
2.544068
2.515218
2.486695
2.458495
2.430615
2.403052
2.375801
2.348859
2.322223
2.295888
2.269853
2.244112
2.218664
2.193504
2.168629
2.144037
2.119723
2.095686
2.071920
2.048425
2.025195
2.002229
1.979524
1.957076
1.934883
1.912941
1.891248
1.869801
1.848598
1.827635
1.806909
1.786419
1.766161
1.746133
1.726331
1.706755
1.687400
1.668265
1.649347
1.630643
1.612152
1.593870
1.575796
1.557926
1.540259
1.522793
1.505525
1.488452
1.471573
1.454885
1.438387
1.422076
1.405950
1.390006
1.374244
1.358660
1.343253
1.328021
1.312961
1.298072
1.283352
1.268799
1.254411
1.240186
1.226123
1.212218
1.198472
1.184882
1.171445
1.158161
1.145028
1.132043
1.119206
1.106515
1.093967
1.081561
1.069297
1.057171
1.045183
1.033331
1.021613
1.010028
0.998575
0.987251
0.976056
0.964988
0.954045
0.943226
0.932530
0.921956
0.911501
0.901165
0.890946
0.880843
0.870854
0.860979
0.851215
0.841563
0.832020
0.822585
0.813257
0.804035
0.794917
0.785903
0.776991
0.768181
0.759470
0.750858
0.742343
0.733925
0.725603
0.717375
0.709240
0.701197
0.693246
0.685385
0.677613
0.669929
0.662332
0.654821
0.647396
0.640055
0.632797
0.625621
0.618527
0.611513
0.604579
0.597723
0.590945
0.584244
0.577619
0.571069
0.564593
0.558191
0.551861
0.545604
0.539417
0.533300
0.527253
0.521274
0.515363
0.509519
0.503741
0.498029
0.492382
0.486798
0.481278
0.475821
0.470425
0.465091
0.459817
0.454603
0.449448
0.444351
0.439313
0.434331
0.429406
0.424537
0.419723
0.414963
0.410258
0.405606
0.401006
0.396459
0.391964
0.387519
0.383125
0.378780
0.374485
0.370239
0.366040
0.361890
0.357786
0.353729
0.349718
0.345752
0.341832
0.337956
0.334123
0.330335
0.326589
0.322886
0.319224
0.315604
0.312026
0.308488
0.304990
0.301531
0.298112
0.294732
0.291390
0.288085
0.284819
0.281589
0.278396
0.275239
0.272118
0.269033
0.265982
0.262966
0.259984
0.257036
0.254121
0.251240
0.248391
0.245574
0.242790
0.240037
0.237315
0.234624
0.231964
0.229333
0.226733
0.224162
0.221620
0.219107
0.216622
0.214166
0.211738
0.209337
0.206963
0.204616
0.202296
0.200002
0.197734
0.195492
0.193276
0.191084
0.188917
0.186775
0.184657
0.182563
0.180493
0.178447
0.176423
0.174423
0.172445
0.170490
0.168556
0.166645
0.164755
0.162887
0.161040
0.159214
0.157409
0.155624
0.153859
0.152115
0.150390
0.148685
0.146999
0.145332
0.143684
0.142055
0.140444
0.138851
0.137277
0.135720
0.134181
0.132660
0.131156
0.129669
0.128198
0.126745
0.125307
0.123887
0.122482
0.121093
0.119720
0.118362
0.117020
0.115694
0.114382
0.113085
0.111802
0.110535
0.109281
0.108042
0.106817
0.105606
0.104409
0.103225
0.102054
0.100897
0.099753
0.098622
0.097504
0.096398
0.095305
0.094224
0.093156
0.092100
0.091055
0.090023
0.089002
0.087993
0.086995
0.086009
0.085034
0.084069
0.083116
0.082174
0.081242
0.080321
0.079410
0.078510
0.077619
0.076739
0.075869
0.075009
0.074158
0.073317
0.072486
0.071664
0.070852
0.070048
0.069254
0.068469
0.067692
0.066925
0.066166
0.065416
0.064674
0.063941
0.063216
0.062499
0.061790
0.061090
0.060397
0.059712
0.059035
0.058366
0.057704
0.057050
0.056403
0.055763
0.055131
0.054506
0.053888
0.053277
0.052673
0.052076
0.051485
0.050901
0.050324
0.049754
0.049189
0.048632
0.048080
0.047535
0.046996
0.046463
0.045936
0.045416
0.044901
0.044391
0.043888
0.043391
0.042899
0.042412
0.041931
0.041456
0.040986
0.040521
0.040062
0.039607
0.039158
0.038714
0.038275
0.037841
0.037412
0.036988
0.036569
0.036154
0.035744
0.035339
0.034938
0.034542
0.034150
0.033763
0.033380
0.033002
0.032628
0.032258
0.031892
0.031530
0.031173
0.030819
0.030470
0.030124
0.029783
0.029445
0.029111
0.028781
0.028455
0.028132
0.027813
0.027498
0.027186
0.026878
0.026573
0.026272
0.025974
0.025679
0.025388
0.025100
0.024816
0.024534
0.024256
0.023981
0.023709
0.023441
0.023175
0.022912
0.022652
0.022395
0.022141
0.021890
0.021642
0.021397
0.021154
0.020914
0.020677
0.020443
0.020211
0.019982
0.019755
0.019531
0.019310
0.019091
0.018874
0.018660
0.018449
0.018240
0.018033
0.017828
0.017626
0.017426
0.017229
0.017033
0.016840
0.016649
0.016461
0.016274
0.016089
0.015907
0.015727
0.015548
0.015372
0.015198
0.015026
0.014855
0.014687
0.014520
0.014356
0.014193
0.014032
0.013873
0.013715
0.013560
0.013406
0.013254
0.013104
0.012955
0.012808
0.012663
0.012520
0.012378
0.012237
0.012099
0.011961
0.011826
0.011692
0.011559
0.011428
0.011299
0.011170
0.011044
0.010919
0.010795
0.010672
0.010551
0.010432
0.010314
0.010197
0.010081
0.009967
0.009854
0.009742
0.009631
0.009522
0.009414
0.009308
0.009202
0.009098
0.008995
0.008893
0.008792
0.008692
0.008594
0.008496
0.008400
0.008305
0.008210
0.008117
0.008025
0.007934
0.007844
0.007755
0.007667
0.007581
0.007495
0.007410
0.007326
0.007243
0.007160
0.007079
0.006999
0.006920
0.006841
0.006764
0.006687
0.006611
0.006536
0.006462
0.006389
0.006316
0.006245
0.006174
0.006104
0.006035
0.005966
0.005899
0.005832
0.005766
0.005700
0.005636
0.005572
0.005509
0.005446
0.005384
0.005323
0.005263
0.005203
0.005144
0.005086
0.005028
0.004971
0.004915
0.004859
0.004804
0.004750
0.004696
0.004643
0.004590
0.004538
0.004486
0.004436
0.004385
0.004336
0.004286
0.004238
0.004190
0.004142
0.004095
0.004049
0.004003
0.003958
0.003913
0.003868
0.003825
0.003781
0.003738
0.003696
0.003654
0.003613
0.003572
0.003531
0.003491
0.003451
0.003412
0.003374
0.003335
0.003298
0.003260
0.003223
0.003187
0.003151
0.003115
0.003080
0.003045
0.003010
0.002976
0.002942
0.002909
0.002876
0.002843
0.002811
0.002779
0.002748
0.002717
0.002686
0.002655
0.002625
0.002595
0.002566
0.002537
0.002508
0.002480
0.002452
0.002424
0.002396
0.002369
0.002342
0.002316
0.002289
0.002264
0.002238
0.002212
0.002187
0.002163
0.002138
0.002114
0.002090
0.002066
0.002043
0.002020
0.001997
0.001974
0.001952
0.001930
0.001908
0.001886
0.001865
0.001844
0.001823
0.001802
0.001782
0.001761
0.001741
0.001722
0.001702
0.001683
0.001664
0.001645
0.001626
0.001608
0.001590
0.001572
0.001554
0.001536
0.001519
0.001501
0.001484
0.001468
0.001451
0.001435
0.001418
0.001402
0.001386
0.001371
0.001355
0.001340
0.001324
0.001309
0.001295
0.001280
0.001265
0.001251
0.001237
0.001223
0.001209
0.001195
0.001182
0.001168
0.001155
0.001142
0.001129
0.001116
0.001104
0.001091
0.001079
0.001066
0.001054
0.001042
0.001031
0.001019
0.001007
0.000996
0.000985
0.000974
0.000962
0.000952
0.000941
0.000930
0.000920
0.000909
0.000899
0.000889
0.000879
0.000869
0.000859
0.000849
0.000839
0.000830
0.000820
0.000811
0.000802
0.000793
0.000784
0.000775
0.000766
0.000758
0.000749
0.000740
0.000732
0.000724
0.000716
0.000707
0.000699
0.000691
0.000684
0.000676
0.000668
0.000661
0.000653
0.000646
0.000638
0.000631
0.000624
0.000617
0.000610
0.000603
0.000596
0.000589
0.000583
0.000576
0.000570
0.000563
0.000557
0.000550
0.000544
0.000538
0.000532
0.000526
0.000520
0.000514
0.000508
0.000502
0.000497
0.000491
0.000486
0.000480
0.000475
0.000469
0.000464
0.000459
0.000453
0.000448
