19.332761
31.143593
35.393378
36.755822
37.017468
36.861215
36.548073
36.177786
35.788452
35.394601
35.001758
34.612004
34.226104
33.844320
33.466725
33.093315
32.724062
32.358924
31.997860
31.640824
31.287771
30.938658
30.593441
30.252076
29.914519
29.580730
29.250665
28.924283
28.601543
28.282404
27.966826
27.654770
27.346196
27.041065
26.739338
26.440979
26.145948
25.854210
25.565727
25.280464
24.998383
24.719450
24.443629
24.170886
23.901186
23.634496
23.370782
23.110010
22.852148
22.597163
22.345024
22.095698
21.849154
21.605361
21.364288
21.125906
20.890183
20.657091
20.426599
20.198680
19.973304
19.750442
19.530067
19.312152
19.096668
18.883588
18.672886
18.464535
18.258508
18.054781
17.853327
17.654121
17.457138
17.262352
17.069740
16.879278
16.690940
16.504704
16.320546
16.138443
15.958372
15.780311
15.604236
15.430126
15.257958
15.087712
14.919365
14.752897
14.588286
14.425512
14.264554
14.105393
13.948007
13.792377
13.638484
13.486308
13.335830
13.187031
13.039893
12.894396
12.750523
12.608255
12.467574
12.328464
12.190905
12.054882
11.920376
11.787371
11.655850
11.525796
11.397194
11.270027
11.144279
11.019933
10.896976
10.775390
10.655161
10.536273
10.418712
10.302463
10.187511
10.073841
9.961440
9.850293
9.740386
9.631706
9.524238
9.417970
9.312887
9.208976
9.106225
9.004621
8.904150
8.804801
8.706559
8.609414
8.513353
8.418364
8.324435
8.231554
8.139709
8.048889
7.959082
7.870278
7.782464
7.695630
7.609765
7.524858
7.440899
7.357876
7.275780
7.194599
7.114325
7.034946
6.956453
6.878836
6.802084
6.726190
6.651142
6.576931
6.503548
6.430985
6.359230
6.288277
6.218115
6.148736
6.080131
6.012292
5.945210
5.878876
5.813282
5.748420
5.684282
5.620859
5.558144
5.496129
5.434806
5.374167
5.314205
5.254912
5.196280
5.138303
5.080972
5.024281
4.968223
4.912790
4.857976
4.803773
4.750175
4.697175
4.644767
4.592943
4.541698
4.491024
4.440916
4.391366
4.342370
4.293920
4.246011
4.198637
4.151791
4.105467
4.059661
4.014366
3.969576
3.925286
3.881490
3.838183
3.795358
3.753012
3.711138
3.669732
3.628787
3.588300
3.548264
3.508674
3.469527
3.430816
3.392537
3.354686
3.317256
3.280245
3.243646
3.207455
3.171669
3.136282
3.101289
3.066687
3.032471
2.998637
2.965180
2.932097
2.899383
2.867033
2.835045
2.803414
2.772135
2.741206
2.710621
2.680378
2.650473
2.620901
2.591659
2.562743
2.534150
2.505876
2.477917
2.450270
2.422932
2.395899
2.369167
2.342734
2.316596
2.290749
2.265190
2.239917
2.214926
2.190214
2.165777
2.141613
2.117719
2.094091
2.070727
2.047623
2.024778
2.002187
1.979848
1.957759
1.935916
1.914317
1.892958
1.871838
1.850954
1.830303
1.809882
1.789689
1.769721
1.749976
1.730451
1.711144
1.692053
1.673175
1.654507
1.636047
1.617794
1.599744
1.581896
1.564246
1.546794
1.529536
1.512471
1.495596
1.478910
1.462410
1.446093
1.429959
1.414005
1.398229
1.382629
1.367203
1.351949
1.336865
1.321950
1.307201
1.292616
1.278195
1.263934
1.249832
1.235888
1.222099
1.208464
1.194981
1.181649
1.168465
1.155429
1.142538
1.129790
1.117185
1.104721
1.092396
1.080208
1.068156
1.056239
1.044454
1.032802
1.021279
1.009884
0.998617
0.987476
0.976458
0.965564
0.954792
0.944139
0.933605
0.923189
0.912889
0.902704
0.892633
0.882674
0.872826
0.863088
0.853459
0.843937
0.834521
0.825211
0.816004
0.806900
0.797897
0.788995
0.780193
0.771488
0.762881
0.754369
0.745953
0.737631
0.729401
0.721263
0.713216
0.705259
0.697391
0.689610
0.681916
0.674308
0.666785
0.659346
0.651990
0.644716
0.637523
0.630410
0.623377
0.616422
0.609545
0.602744
0.596019
0.589370
0.582794
0.576292
0.569863
0.563505
0.557218
0.551001
0.544854
0.538775
0.532764
0.526820
0.520943
0.515131
0.509384
0.503701
0.498081
0.492524
0.487029
0.481596
0.476223
0.470910
0.465656
0.460461
0.455323
0.450244
0.445220
0.440253
0.435341
0.430484
0.425682
0.420933
0.416236
0.411593
0.407001
0.402460
0.397970
0.393530
0.389139
0.384798
0.380505
0.376260
0.372062
0.367911
0.363806
0.359748
0.355734
0.351765
0.347841
0.343960
0.340123
0.336328
0.332576
0.328865
0.325196
0.321568
0.317981
0.314433
0.310925
0.307456
0.304026
0.300634
0.297280
0.293964
0.290684
0.287441
0.284234
0.281063
0.277928
0.274827
0.271761
0.268729
0.265731
0.262766
0.259835
0.256936
0.254069
0.251235
0.248432
0.245660
0.242920
0.240210
0.237530
0.234880
0.232259
0.229668
0.227106
0.224572
0.222067
0.219589
0.217140
0.214717
0.212322
0.209953
0.207611
0.205294
0.203004
0.200739
0.198500
0.196285
0.194095
0.191930
0.189789
0.187671
0.185578
0.183507
0.181460
0.179436
0.177434
0.175454
0.173497
0.171561
0.169647
0.167755
0.165883
0.164032
0.162202
0.160393
0.158604
0.156834
0.155084
0.153354
0.151643
0.149952
0.148279
0.146624
0.144989
0.143371
0.141772
0.140190
0.138626
0.137080
0.135550
0.134038
0.132543
0.131064
0.129602
0.128156
0.126726
0.125312
0.123914
0.122532
0.121165
0.119813
0.118477
0.117155
0.115848
0.114555
0.113277
0.112014
0.110764
0.109528
0.108306
0.107098
0.105903
0.104722
0.103554
0.102398
0.101256
0.100126
0.099009
0.097905
0.096813
0.095732
0.094664
0.093608
0.092564
0.091531
0.090510
0.089501
0.088502
0.087515
0.086538
0.085573
0.084618
0.083674
0.082741
0.081818
0.080905
0.080002
0.079110
0.078227
0.077355
0.076492
0.075638
0.074795
0.073960
0.073135
0.072319
0.071512
0.070715
0.069926
0.069146
0.068374
0.067611
0.066857
0.066111
0.065374
0.064644
0.063923
0.063210
0.062505
0.061808
0.061118
0.060436
0.059762
0.059095
0.058436
0.057784
0.057140
0.056502
0.055872
0.055249
0.054632
0.054023
0.053420
0.052824
0.052235
0.051652
0.051076
0.050506
0.049943
0.049385
0.048835
0.048290
0.047751
0.047218
0.046692
0.046171
0.045656
0.045146
0.044643
0.044145
0.043652
0.043165
0.042684
0.042207
0.041737
0.041271
0.040811
0.040355
0.039905
0.039460
0.039020
0.038584
0.038154
0.037728
0.037307
0.036891
0.036480
0.036073
0.035670
0.035272
0.034879
0.034490
0.034105
0.033725
0.033348
0.032976
0.032608
0.032245
0.031885
0.031529
0.031178
0.030830
0.030486
0.030146
0.029809
0.029477
0.029148
0.028823
0.028501
0.028183
0.027869
0.027558
0.027251
0.026947
0.026646
0.026349
0.026055
0.025764
0.025477
0.025193
0.024912
0.024634
0.024359
0.024087
0.023818
0.023553
0.023290
0.023030
0.022773
0.022519
0.022268
0.022020
0.021774
0.021531
0.021291
0.021053
0.020818
0.020586
0.020357
0.020129
0.019905
0.019683
0.019463
0.019246
0.019031
0.018819
0.018609
0.018402
0.018196
0.017993
0.017793
0.017594
0.017398
0.017204
0.017012
0.016822
0.016634
0.016449
0.016265
0.016084
0.015904
0.015727
0.015552
0.015378
0.015207
0.015037
0.014869
0.014703
0.014539
0.014377
0.014217
0.014058
0.013901
0.013746
0.013593
0.013441
0.013291
0.013143
0.012996
0.012851
0.012708
0.012566
0.012426
0.012288
0.012150
0.012015
0.011881
0.011748
0.011617
0.011488
0.011360
0.011233
0.011108
0.010984
0.010861
0.010740
0.010620
0.010502
0.010384
0.010269
0.010154
0.010041
0.009929
0.009818
0.009709
0.009600
0.009493
0.009387
0.009283
0.009179
0.009077
0.008975
0.008875
0.008776
0.008678
0.008581
0.008486
0.008391
0.008297
0.008205
0.008113
0.008023
0.007933
0.007845
0.007757
0.007671
0.007585
0.007501
0.007417
0.007334
0.007252
0.007172
0.007092
0.007012
0.006934
0.006857
0.006780
0.006705
0.006630
0.006556
0.006483
0.006411
0.006339
0.006268
0.006198
0.006129
0.006061
0.005993
0.005926
0.005860
0.005795
0.005730
0.005666
0.005603
0.005541
0.005479
0.005418
0.005357
0.005298
0.005238
0.005180
0.005122
0.005065
0.005009
0.004953
0.004897
0.004843
0.004789
0.004735
0.004683
0.004630
0.004579
0.004528
0.004477
0.004427
0.004378
0.004329
0.004281
0.004233
0.004186
0.004139
0.004093
0.004047
0.004002
0.003957
0.003913
0.003870
0.003826
0.003784
0.003742
0.003700
0.003659
0.003618
0.003577
0.003537
0.003498
0.003459
0.003420
0.003382
0.003344
0.003307
0.003270
0.003234
0.003198
0.003162
0.003127
0.003092
0.003057
0.003023
0.002990
0.002956
0.002923
0.002891
0.002858
0.002827
0.002795
0.002764
0.002733
0.002702
0.002672
0.002643
0.002613
0.002584
0.002555
0.002527
0.002498
0.002471
0.002443
0.002416
0.002389
0.002362
0.002336
0.002310
0.002284
0.002258
0.002233
0.002208
0.002184
0.002159
0.002135
0.002111
0.002088
0.002065
0.002042
0.002019
0.001996
0.001974
0.001952
0.001930
0.001909
0.001887
0.001866
0.001846
0.001825
0.001805
0.001784
0.001765
0.001745
0.001725
0.001706
0.001687
0.001668
0.001650
0.001631
0.001613
0.001595
0.001577
0.001560
0.001542
0.001525
0.001508
0.001491
0.001475
0.001458
0.001442
0.001426
0.001410
0.001394
0.001379
0.001363
0.001348
0.001333
0.001318
0.001303
0.001289
0.001275
0.001260
0.001246
0.001232
0.001219
0.001205
0.001192
0.001178
0.001165
0.001152
0.001139
0.001127
0.001114
0.001102
0.001089
0.001077
0.001065
0.001053
0.001042
0.001030
0.001018
0.001007
0.000996
0.000985
0.000974
0.000963
0.000952
0.000941
0.000931
0.000921
0.000910
0.000900
0.000890
0.000880
0.000870
0.000861
0.000851
0.000842
0.000832
0.000823
0.000814
0.000805
0.000796
0.000787
0.000778
0.000769
0.000761
0.000752
0.000744
0.000736
0.000727
0.000719
0.000711
0.000703
0.000695
0.000688
0.000680
0.000672
0.000665
0.000658
0.000650
0.000643
0.000636
0.000629
0.000622
0.000615
0.000608
0.000601
0.000594
0.000588
0.000581
0.000575
0.000568
0.000562
0.000556
0.000549
0.000543
0.000537
0.000531
