19.195799
31.027683
35.222497
36.542601
36.782405
36.618007
36.304127
35.936711
35.551882
35.163219
34.775809
34.391538
34.011088
33.634687
33.262391
32.894193
32.530063
32.169960
31.813843
31.461667
31.113390
30.768968
30.428359
30.091521
29.758412
29.428990
29.103215
28.781046
28.462444
28.147369
27.835781
27.527644
27.222917
26.921563
26.623546
26.328828
26.037372
25.749143
25.464104
25.182221
24.903459
24.627782
24.355157
24.085550
23.818928
23.555258
23.294506
23.036640
22.781630
22.529442
22.280046
22.033411
21.789506
21.548301
21.309767
21.073873
20.840590
20.609890
20.381744
20.156123
19.933000
19.712347
19.494136
19.278342
19.064936
18.853892
18.645185
18.438788
18.234676
18.032823
17.833205
17.635797
17.440574
17.247512
17.056588
16.867777
16.681056
16.496402
16.313792
16.133204
15.954615
15.778002
15.603345
15.430622
15.259810
15.090889
14.923839
14.758637
14.595264
14.433700
14.273924
14.115917
13.959660
13.805132
13.652314
13.501188
13.351735
13.203937
13.057775
12.913230
12.770286
12.628924
12.489128
12.350878
12.214159
12.078954
11.945245
11.813016
11.682251
11.552934
11.425048
11.298578
11.173508
11.049822
10.927506
10.806543
10.686920
10.568621
10.451631
10.335937
10.221523
10.108376
9.996481
9.885825
9.776394
9.668174
9.561152
9.455315
9.350649
9.247143
9.144782
9.043554
8.943446
8.844447
8.746544
8.649724
8.553976
8.459289
8.365649
8.273046
8.181468
8.090904
8.001342
7.912772
7.825182
7.738562
7.652900
7.568187
7.484412
7.401564
7.319633
7.238609
7.158482
7.079242
7.000879
6.923383
6.846746
6.770957
6.696006
6.621886
6.548586
6.476097
6.404411
6.333518
6.263410
6.194078
6.125514
6.057708
5.990654
5.924341
5.858763
5.793910
5.729775
5.666351
5.603628
5.541600
5.480258
5.419595
5.359604
5.300277
5.241607
5.183586
5.126207
5.069464
5.013349
4.957855
4.902975
4.848702
4.795031
4.741953
4.689464
4.637555
4.586220
4.535454
4.485250
4.435602
4.386503
4.337948
4.289930
4.242444
4.195484
4.149043
4.103116
4.057698
4.012783
3.968364
3.924438
3.880997
3.838038
3.795554
3.753540
3.711992
3.670903
3.630269
3.590085
3.550346
3.511047
3.472182
3.433748
3.395739
3.358152
3.320980
3.284219
3.247866
3.211915
3.176362
3.141202
3.106432
3.072046
3.038042
3.004413
2.971157
2.938269
2.905745
2.873581
2.841773
2.810317
2.779210
2.748446
2.718024
2.687938
2.658185
2.628761
2.599663
2.570887
2.542430
2.514288
2.486457
2.458934
2.431716
2.404800
2.378181
2.351857
2.325824
2.300079
2.274620
2.249442
2.224543
2.199919
2.175568
2.151487
2.127672
2.104121
2.080831
2.057798
2.035020
2.012495
1.990218
1.968189
1.946403
1.924858
1.903552
1.882482
1.861645
1.841038
1.820660
1.800507
1.780577
1.760868
1.741377
1.722102
1.703040
1.684190
1.665547
1.647112
1.628880
1.610850
1.593020
1.575387
1.557949
1.540704
1.523650
1.506785
1.490107
1.473613
1.457302
1.441171
1.425219
1.409443
1.393843
1.378414
1.363157
1.348068
1.333147
1.318390
1.303797
1.289366
1.275094
1.260980
1.247023
1.233220
1.219569
1.206070
1.192720
1.179519
1.166463
1.153551
1.140783
1.128156
1.115669
1.103319
1.091107
1.079030
1.067086
1.055275
1.043594
1.032043
1.020620
1.009323
0.998151
0.987103
0.976177
0.965372
0.954686
0.944119
0.933669
0.923334
0.913114
0.903007
0.893012
0.883128
0.873352
0.863686
0.854126
0.844672
0.835322
0.826076
0.816933
0.807890
0.798948
0.790105
0.781359
0.772711
0.764158
0.755700
0.747335
0.739063
0.730883
0.722793
0.714793
0.706881
0.699057
0.691319
0.683667
0.676100
0.668616
0.661216
0.653897
0.646659
0.639502
0.632423
0.625423
0.618501
0.611655
0.604885
0.598189
0.591568
0.585021
0.578545
0.572142
0.565809
0.559546
0.553353
0.547228
0.541171
0.535181
0.529257
0.523399
0.517606
0.511877
0.506211
0.500608
0.495067
0.489587
0.484168
0.478809
0.473510
0.468269
0.463086
0.457960
0.452891
0.447878
0.442921
0.438018
0.433170
0.428376
0.423634
0.418945
0.414308
0.409722
0.405187
0.400703
0.396268
0.391881
0.387544
0.383254
0.379012
0.374817
0.370669
0.366566
0.362509
0.358496
0.354528
0.350604
0.346724
0.342886
0.339091
0.335338
0.331626
0.327955
0.324325
0.320736
0.317186
0.313675
0.310203
0.306770
0.303374
0.300016
0.296696
0.293412
0.290164
0.286953
0.283776
0.280636
0.277529
0.274458
0.271420
0.268416
0.265445
0.262507
0.259601
0.256728
0.253886
0.251076
0.248297
0.245549
0.242831
0.240144
0.237486
0.234857
0.232258
0.229687
0.227145
0.224631
0.222144
0.219686
0.217254
0.214849
0.212471
0.210120
0.207794
0.205494
0.203220
0.200970
0.198746
0.196546
0.194371
0.192220
0.190092
0.187988
0.185907
0.183850
0.181815
0.179802
0.177812
0.175844
0.173898
0.171973
0.170070
0.168188
0.166326
0.164485
0.162665
0.160864
0.159084
0.157323
0.155582
0.153860
0.152157
0.150473
0.148807
0.147160
0.145531
0.143921
0.142328
0.140752
0.139195
0.137654
0.136130
0.134624
0.133134
0.131660
0.130203
0.128762
0.127337
0.125927
0.124533
0.123155
0.121792
0.120444
0.119111
0.117793
0.116489
0.115200
0.113925
0.112664
0.111417
0.110184
0.108964
0.107758
0.106565
0.105386
0.104219
0.103066
0.101925
0.100797
0.099682
0.098578
0.097487
0.096408
0.095341
0.094286
0.093242
0.092210
0.091190
0.090180
0.089182
0.088195
0.087219
0.086254
0.085299
0.084355
0.083421
0.082498
0.081585
0.080682
0.079789
0.078906
0.078033
0.077169
0.076315
0.075470
0.074635
0.073809
0.072992
0.072184
0.071385
0.070595
0.069814
0.069041
0.068277
0.067521
0.066774
0.066035
0.065304
0.064581
0.063867
0.063160
0.062461
0.061769
0.061086
0.060410
0.059741
0.059080
0.058426
0.057779
0.057140
0.056507
0.055882
0.055263
0.054652
0.054047
0.053449
0.052857
0.052272
0.051694
0.051122
0.050556
0.049996
0.049443
0.048896
0.048354
0.047819
0.047290
0.046767
0.046249
0.045737
0.045231
0.044730
0.044235
0.043746
0.043262
0.042783
0.042309
0.041841
0.041378
0.040920
0.040467
0.040019
0.039576
0.039138
0.038705
0.038277
0.037853
0.037434
0.037020
0.036610
0.036205
0.035804
0.035408
0.035016
0.034628
0.034245
0.033866
0.033491
0.033121
0.032754
0.032392
0.032033
0.031679
0.031328
0.030981
0.030638
0.030299
0.029964
0.029632
0.029304
0.028980
0.028659
0.028342
0.028028
0.027718
0.027411
0.027108
0.026808
0.026511
0.026218
0.025928
0.025641
0.025357
0.025076
0.024799
0.024524
0.024253
0.023985
0.023719
0.023457
0.023197
0.022940
0.022686
0.022435
0.022187
0.021941
0.021699
0.021458
0.021221
0.020986
0.020754
0.020524
0.020297
0.020072
0.019850
0.019631
0.019413
0.019198
0.018986
0.018776
0.018568
0.018362
0.018159
0.017958
0.017760
0.017563
0.017369
0.017176
0.016986
0.016798
0.016612
0.016429
0.016247
0.016067
0.015889
0.015713
0.015539
0.015367
0.015197
0.015029
0.014863
0.014698
0.014536
0.014375
0.014216
0.014058
0.013903
0.013749
0.013597
0.013446
0.013297
0.013150
0.013005
0.012861
0.012718
0.012578
0.012438
0.012301
0.012165
0.012030
0.011897
0.011765
0.011635
0.011506
0.011379
0.011253
0.011128
0.011005
0.010883
0.010763
0.010644
0.010526
0.010410
0.010294
0.010180
0.010068
0.009956
0.009846
0.009737
0.009629
0.009523
0.009417
0.009313
0.009210
0.009108
0.009007
0.008908
0.008809
0.008712
0.008615
0.008520
0.008426
0.008332
0.008240
0.008149
0.008059
0.007970
0.007881
0.007794
0.007708
0.007623
0.007538
0.007455
0.007372
0.007291
0.007210
0.007130
0.007051
0.006973
0.006896
0.006820
0.006744
0.006670
0.006596
0.006523
0.006451
0.006379
0.006309
0.006239
0.006170
0.006102
0.006034
0.005967
0.005901
0.005836
0.005771
0.005707
0.005644
0.005582
0.005520
0.005459
0.005399
0.005339
0.005280
0.005221
0.005163
0.005106
0.005050
0.004994
0.004939
0.004884
0.004830
0.004777
0.004724
0.004671
0.004620
0.004569
0.004518
0.004468
0.004419
0.004370
0.004321
0.004273
0.004226
0.004179
0.004133
0.004087
0.004042
0.003997
0.003953
0.003909
0.003866
0.003823
0.003781
0.003739
0.003698
0.003657
0.003616
0.003576
0.003537
0.003498
0.003459
0.003421
0.003383
0.003345
0.003308
0.003272
0.003236
0.003200
0.003164
0.003129
0.003095
0.003060
0.003027
0.002993
0.002960
0.002927
0.002895
0.002863
0.002831
0.002800
0.002769
0.002738
0.002708
0.002678
0.002648
0.002619
0.002590
0.002561
0.002533
0.002505
0.002477
0.002450
0.002423
0.002396
0.002369
0.002343
0.002317
0.002292
0.002266
0.002241
0.002216
0.002192
0.002168
0.002144
0.002120
0.002096
0.002073
0.002050
0.002028
0.002005
0.001983
0.001961
0.001939
0.001918
0.001897
0.001876
0.001855
0.001834
0.001814
0.001794
0.001774
0.001754
0.001735
0.001716
0.001697
0.001678
0.001659
0.001641
0.001623
0.001605
0.001587
0.001570
0.001552
0.001535
0.001518
0.001501
0.001485
0.001468
0.001452
0.001436
0.001420
0.001404
0.001389
0.001373
0.001358
0.001343
0.001328
0.001314
0.001299
0.001285
0.001270
0.001256
0.001243
0.001229
0.001215
0.001202
0.001188
0.001175
0.001162
0.001149
0.001137
0.001124
0.001112
0.001099
0.001087
0.001075
0.001063
0.001051
0.001040
0.001028
0.001017
0.001006
0.000995
0.000984
0.000973
0.000962
0.000951
0.000941
0.000930
0.000920
0.000910
0.000900
0.000890
0.000880
0.000870
0.000861
0.000851
0.000842
0.000832
0.000823
0.000814
0.000805
0.000796
0.000787
0.000779
0.000770
0.000761
0.000753
0.000745
0.000736
0.000728
0.000720
0.000712
0.000704
0.000697
0.000689
0.000681
0.000674
0.000666
0.000659
0.000652
0.000644
0.000637
0.000630
0.000623
0.000616
0.000609
0.000603
0.000596
0.000589
0.000583
0.000577
