19.060213
30.910708
35.050558
36.329333
36.548268
36.376360
36.062065
35.697634
35.317301
34.933753
34.551672
34.172768
33.797646
33.426505
33.059388
32.696284
32.337161
31.981980
31.630699
31.283276
30.939670
30.599837
30.263738
29.931330
29.602573
29.277427
28.955852
28.637810
28.323261
28.012168
27.704491
27.400194
27.099239
26.801590
26.507210
26.216064
25.928115
25.643330
25.361672
25.083108
24.807604
24.535126
24.265641
23.999116
23.735519
23.474817
23.216978
22.961972
22.709766
22.460331
22.213635
21.969649
21.728343
21.489688
21.253654
21.020212
20.789335
20.560993
20.335160
20.111807
19.890907
19.672434
19.456361
19.242660
19.031307
18.822276
18.615540
18.411076
18.208857
18.008859
17.811058
17.615429
17.421950
17.230595
17.041342
16.854168
16.669050
16.485966
16.304892
16.125807
15.948689
15.773516
15.600268
15.428923
15.259459
15.091857
14.926096
14.762155
14.600015
14.439657
14.281059
14.124203
13.969071
13.815642
13.663898
13.513822
13.365393
13.218595
13.073410
12.929819
12.787805
12.647351
12.508439
12.371054
12.235177
12.100793
11.967885
11.836437
11.706433
11.577856
11.450692
11.324924
11.200538
11.077518
10.955850
10.835517
10.716507
10.598803
10.482393
10.367261
10.253393
10.140777
10.029397
9.919240
9.810294
9.702544
9.595978
9.490582
9.386343
9.283250
9.181289
9.080448
8.980714
8.882076
8.784522
8.688039
8.592615
8.498240
8.404901
8.312588
8.221288
8.130991
8.041686
7.953362
7.866008
7.779613
7.694168
7.609661
7.526082
7.443421
7.361668
7.280813
7.200846
7.121757
7.043537
6.966176
6.889665
6.813994
6.739154
6.665137
6.591932
6.519531
6.447926
6.377107
6.307066
6.237794
6.169283
6.101525
6.034510
5.968232
5.902682
5.837852
5.773733
5.710319
5.647602
5.585573
5.524226
5.463553
5.403545
5.344197
5.285501
5.227450
5.170036
5.113253
5.057093
5.001550
4.946618
4.892288
4.838556
4.785413
4.732855
4.680873
4.629462
4.578617
4.528329
4.478594
4.429405
4.380757
4.332642
4.285057
4.237993
4.191447
4.145412
4.099883
4.054853
4.010319
3.966273
3.922711
3.879628
3.837018
3.794876
3.753196
3.711975
3.671206
3.630885
3.591007
3.551567
3.512560
3.473981
3.435826
3.398091
3.360769
3.323858
3.287352
3.251247
3.215539
3.180222
3.145294
3.110749
3.076584
3.042794
3.009375
2.976323
2.943634
2.911304
2.879330
2.847706
2.816430
2.785497
2.754904
2.724647
2.694723
2.665127
2.635856
2.606906
2.578275
2.549958
2.521952
2.494253
2.466859
2.439766
2.412970
2.386469
2.360258
2.334336
2.308698
2.283342
2.258264
2.233462
2.208932
2.184672
2.160678
2.136947
2.113478
2.090266
2.067308
2.044604
2.022148
1.999939
1.977974
1.956250
1.934765
1.913516
1.892500
1.871715
1.851158
1.830827
1.810720
1.790833
1.771165
1.751712
1.732473
1.713446
1.694628
1.676016
1.657609
1.639403
1.621398
1.603591
1.585979
1.568560
1.551333
1.534295
1.517445
1.500779
1.484296
1.467994
1.451872
1.435926
1.420156
1.404559
1.389133
1.373876
1.358787
1.343864
1.329105
1.314508
1.300071
1.285793
1.271671
1.257705
1.243892
1.230230
1.216719
1.203356
1.190140
1.177069
1.164142
1.151357
1.138712
1.126205
1.113837
1.101604
1.089505
1.077540
1.065705
1.054001
1.042425
1.030977
1.019654
1.008456
0.997380
0.986426
0.975593
0.964878
0.954281
0.943801
0.933435
0.923184
0.913045
0.903017
0.893100
0.883291
0.873590
0.863996
0.854507
0.845122
0.835841
0.826661
0.817582
0.808603
0.799723
0.790940
0.782253
0.773662
0.765165
0.756762
0.748451
0.740231
0.732101
0.724061
0.716109
0.708244
0.700466
0.692773
0.685164
0.677640
0.670197
0.662837
0.655557
0.648358
0.641237
0.634195
0.627230
0.620341
0.613528
0.606790
0.600126
0.593535
0.587017
0.580570
0.574194
0.567888
0.561651
0.555483
0.549382
0.543349
0.537381
0.531480
0.525643
0.519870
0.514160
0.508514
0.502929
0.497406
0.491943
0.486540
0.481197
0.475912
0.470685
0.465516
0.460404
0.455347
0.450347
0.445401
0.440509
0.435671
0.430887
0.426154
0.421474
0.416845
0.412268
0.407740
0.403262
0.398833
0.394453
0.390121
0.385837
0.381599
0.377408
0.373264
0.369164
0.365110
0.361100
0.357134
0.353212
0.349333
0.345497
0.341702
0.337950
0.334238
0.330568
0.326937
0.323347
0.319796
0.316283
0.312810
0.309375
0.305977
0.302617
0.299293
0.296006
0.292756
0.289540
0.286361
0.283216
0.280105
0.277029
0.273987
0.270978
0.268002
0.265059
0.262148
0.259269
0.256421
0.253605
0.250820
0.248066
0.245341
0.242647
0.239982
0.237347
0.234740
0.232162
0.229612
0.227091
0.224597
0.222130
0.219691
0.217278
0.214892
0.212532
0.210198
0.207889
0.205606
0.203348
0.201115
0.198907
0.196722
0.194562
0.192425
0.190312
0.188222
0.186155
0.184110
0.182088
0.180089
0.178111
0.176155
0.174220
0.172307
0.170415
0.168543
0.166692
0.164862
0.163051
0.161261
0.159490
0.157738
0.156006
0.154292
0.152598
0.150922
0.149265
0.147626
0.146004
0.144401
0.142815
0.141247
0.139695
0.138161
0.136644
0.135143
0.133659
0.132191
0.130740
0.129304
0.127884
0.126480
0.125091
0.123717
0.122358
0.121014
0.119685
0.118371
0.117071
0.115785
0.114514
0.113256
0.112012
0.110782
0.109566
0.108363
0.107172
0.105996
0.104832
0.103680
0.102542
0.101416
0.100302
0.099200
0.098111
0.097033
0.095968
0.094914
0.093872
0.092841
0.091821
0.090813
0.089815
0.088829
0.087854
0.086889
0.085935
0.084991
0.084058
0.083134
0.082221
0.081319
0.080425
0.079542
0.078669
0.077805
0.076950
0.076105
0.075270
0.074443
0.073625
0.072817
0.072017
0.071226
0.070444
0.069671
0.068905
0.068149
0.067400
0.066660
0.065928
0.065204
0.064488
0.063780
0.063079
0.062387
0.061702
0.061024
0.060354
0.059691
0.059036
0.058387
0.057746
0.057112
0.056485
0.055864
0.055251
0.054644
0.054044
0.053451
0.052864
0.052283
0.051709
0.051141
0.050579
0.050024
0.049475
0.048931
0.048394
0.047863
0.047337
0.046817
0.046303
0.045794
0.045292
0.044794
0.044302
0.043816
0.043335
0.042859
0.042388
0.041923
0.041462
0.041007
0.040557
0.040111
0.039671
0.039235
0.038804
0.038378
0.037957
0.037540
0.037128
0.036720
0.036317
0.035918
0.035523
0.035133
0.034747
0.034366
0.033988
0.033615
0.033246
0.032881
0.032520
0.032163
0.031810
0.031460
0.031115
0.030773
0.030435
0.030101
0.029770
0.029443
0.029120
0.028800
0.028484
0.028171
0.027862
0.027556
0.027253
0.026954
0.026658
0.026365
0.026076
0.025789
0.025506
0.025226
0.024949
0.024675
0.024404
0.024136
0.023871
0.023609
0.023350
0.023093
0.022840
0.022589
0.022341
0.022095
0.021853
0.021613
0.021375
0.021141
0.020909
0.020679
0.020452
0.020227
0.020005
0.019786
0.019568
0.019353
0.019141
0.018931
0.018723
0.018517
0.018314
0.018113
0.017914
0.017717
0.017523
0.017330
0.017140
0.016952
0.016765
0.016581
0.016399
0.016219
0.016041
0.015865
0.015691
0.015518
0.015348
0.015179
0.015013
0.014848
0.014685
0.014524
0.014364
0.014206
0.014050
0.013896
0.013743
0.013593
0.013443
0.013296
0.013150
0.013005
0.012862
0.012721
0.012581
0.012443
0.012307
0.012172
0.012038
0.011906
0.011775
0.011646
0.011518
0.011391
0.011266
0.011142
0.011020
0.010899
0.010779
0.010661
0.010544
0.010428
0.010314
0.010200
0.010088
0.009978
0.009868
0.009760
0.009653
0.009547
0.009442
0.009338
0.009235
0.009134
0.009034
0.008935
0.008836
0.008739
0.008643
0.008549
0.008455
0.008362
0.008270
0.008179
0.008089
0.008001
0.007913
0.007826
0.007740
0.007655
0.007571
0.007488
0.007405
0.007324
0.007244
0.007164
0.007085
0.007008
0.006931
0.006855
0.006779
0.006705
0.006631
0.006558
0.006486
0.006415
0.006345
0.006275
0.006206
0.006138
0.006071
0.006004
0.005938
0.005873
0.005808
0.005745
0.005681
0.005619
0.005557
0.005496
0.005436
0.005376
0.005317
0.005259
0.005201
0.005144
0.005088
0.005032
0.004976
0.004922
0.004868
0.004814
0.004761
0.004709
0.004657
0.004606
0.004556
0.004506
0.004456
0.004407
0.004359
0.004311
0.004264
0.004217
0.004171
0.004125
0.004079
0.004035
0.003990
0.003947
0.003903
0.003860
0.003818
0.003776
0.003735
0.003694
0.003653
0.003613
0.003573
0.003534
0.003495
0.003457
0.003419
0.003381
0.003344
0.003307
0.003271
0.003235
0.003200
0.003165
0.003130
0.003095
0.003061
0.003028
0.002995
0.002962
0.002929
0.002897
0.002865
0.002834
0.002803
0.002772
0.002741
0.002711
0.002681
0.002652
0.002623
0.002594
0.002566
0.002537
0.002510
0.002482
0.002455
0.002428
0.002401
0.002375
0.002349
0.002323
0.002297
0.002272
0.002247
0.002223
0.002198
0.002174
0.002150
0.002127
0.002103
0.002080
0.002057
0.002035
0.002012
0.001990
0.001968
0.001947
0.001925
0.001904
0.001883
0.001863
0.001842
0.001822
0.001802
0.001782
0.001763
0.001743
0.001724
0.001705
0.001686
0.001668
0.001650
0.001631
0.001614
0.001596
0.001578
0.001561
0.001544
0.001527
0.001510
0.001494
0.001477
0.001461
0.001445
0.001429
0.001413
0.001398
0.001382
0.001367
0.001352
0.001337
0.001323
0.001308
0.001294
0.001280
0.001266
0.001252
0.001238
0.001224
0.001211
0.001198
0.001184
0.001171
0.001159
0.001146
0.001133
0.001121
0.001109
0.001096
0.001084
0.001072
0.001061
0.001049
0.001037
0.001026
0.001015
0.001004
0.000993
0.000982
0.000971
0.000960
0.000950
0.000939
0.000929
0.000919
0.000909
0.000899
0.000889
0.000879
0.000869
0.000860
0.000850
0.000841
0.000832
0.000823
0.000814
0.000805
0.000796
0.000787
0.000779
0.000770
0.000762
0.000753
0.000745
0.000737
0.000729
0.000721
0.000713
0.000705
0.000697
0.000689
0.000682
0.000674
0.000667
0.000660
0.000652
0.000645
0.000638
0.000631
0.000624
