18.925994
30.792742
34.877688
36.116141
36.315147
36.136330
35.821915
35.460565
35.084712
34.706204
34.329350
33.955698
33.585787
33.219787
32.857732
32.499607
32.145379
31.795011
31.448460
31.105687
30.766649
30.431307
30.099620
29.771549
29.447053
29.126095
28.808634
28.494634
28.184057
27.876865
27.573021
27.272489
26.975232
26.681216
26.390404
26.102763
25.818256
25.536851
25.258512
24.983208
24.710904
24.441569
24.175169
23.911672
23.651048
23.393265
23.138291
22.886097
22.636651
22.389924
22.145887
21.904509
21.665763
21.429618
21.196048
20.965023
20.736517
20.510501
20.286949
20.065833
19.847127
19.630806
19.416842
19.205210
18.995885
18.788841
18.584055
18.381500
18.181153
17.982990
17.786987
17.593120
17.401366
17.211702
17.024106
16.838554
16.655025
16.473496
16.293946
16.116353
15.940695
15.766952
15.595103
15.425127
15.257003
15.090713
14.926234
14.763548
14.602636
14.443477
14.286054
14.130346
13.976335
13.824003
13.673331
13.524301
13.376896
13.231098
13.086888
12.944251
12.803168
12.663623
12.525599
12.389079
12.254047
12.120487
11.988383
11.857719
11.728478
11.600647
11.474209
11.349149
11.225452
11.103103
10.982088
10.862392
10.744000
10.626899
10.511074
10.396512
10.283198
10.171119
10.060262
9.950614
9.842160
9.734888
9.628786
9.523840
9.420038
9.317368
9.215816
9.115371
9.016021
8.917754
8.820558
8.724422
8.629333
8.535281
8.442253
8.350240
8.259230
8.169211
8.080174
7.992107
7.905000
7.818842
7.733624
7.649334
7.565963
7.483501
7.401938
7.321263
7.241468
7.162543
7.084477
7.007263
6.930890
6.855350
6.780633
6.706730
6.633633
6.561333
6.489820
6.419087
6.349125
6.279926
6.211481
6.143782
6.076820
6.010589
5.945079
5.880283
5.816194
5.752803
5.690103
5.628087
5.566746
5.506074
5.446063
5.386707
5.327997
5.269927
5.212490
5.155679
5.099487
5.043908
4.988935
4.934560
4.880779
4.827583
4.774967
4.722925
4.671450
4.620536
4.570177
4.520367
4.471100
4.422370
4.374170
4.326497
4.279342
4.232702
4.186570
4.140941
4.095809
4.051169
4.007016
3.963344
3.920148
3.877422
3.835163
3.793364
3.752020
3.711127
3.670680
3.630674
3.591103
3.551964
3.513252
3.474961
3.437088
3.399628
3.362576
3.325927
3.289679
3.253825
3.218362
3.183286
3.148591
3.114275
3.080333
3.046761
3.013555
2.980711
2.948225
2.916092
2.884311
2.852875
2.821782
2.791028
2.760609
2.730522
2.700762
2.671327
2.642213
2.613416
2.584933
2.556760
2.528895
2.501333
2.474071
2.447107
2.420437
2.394057
2.367965
2.342157
2.316630
2.291382
2.266409
2.241708
2.217276
2.193110
2.169208
2.145566
2.122183
2.099053
2.076176
2.053549
2.031168
2.009031
1.987135
1.965478
1.944056
1.922869
1.901912
1.881184
1.860681
1.840402
1.820344
1.800505
1.780882
1.761472
1.742275
1.723286
1.704505
1.685928
1.667554
1.649380
1.631404
1.613623
1.596037
1.578642
1.561437
1.544420
1.527588
1.510939
1.494472
1.478184
1.462074
1.446140
1.430379
1.414790
1.399370
1.384119
1.369034
1.354114
1.339356
1.324759
1.310321
1.296040
1.281915
1.267944
1.254125
1.240457
1.226938
1.213566
1.200340
1.187258
1.174318
1.161520
1.148861
1.136340
1.123956
1.111706
1.099590
1.087606
1.075753
1.064029
1.052433
1.040963
1.029618
1.018396
1.007297
0.996319
0.985461
0.974721
0.964098
0.953591
0.943198
0.932919
0.922751
0.912695
0.902748
0.892909
0.883178
0.873553
0.864032
0.854616
0.845302
0.836089
0.826977
0.817964
0.809050
0.800232
0.791511
0.782885
0.774353
0.765913
0.757566
0.749310
0.741144
0.733066
0.725077
0.717175
0.709359
0.701628
0.693981
0.686418
0.678937
0.671538
0.664219
0.656980
0.649820
0.642738
0.635733
0.628805
0.621952
0.615174
0.608469
0.601838
0.595279
0.588791
0.582375
0.576028
0.569750
0.563541
0.557399
0.551324
0.545316
0.539373
0.533494
0.527680
0.521929
0.516241
0.510615
0.505050
0.499546
0.494102
0.488717
0.483391
0.478123
0.472912
0.467758
0.462660
0.457618
0.452631
0.447698
0.442819
0.437993
0.433220
0.428498
0.423828
0.419209
0.414641
0.410122
0.405652
0.401231
0.396859
0.392534
0.388256
0.384024
0.379839
0.375700
0.371605
0.367555
0.363550
0.359588
0.355669
0.351793
0.347959
0.344167
0.340416
0.336706
0.333036
0.329407
0.325817
0.322266
0.318754
0.315280
0.311844
0.308446
0.305084
0.301759
0.298471
0.295218
0.292001
0.288818
0.285671
0.282557
0.279478
0.276432
0.273420
0.270440
0.267493
0.264578
0.261694
0.258842
0.256021
0.253231
0.250471
0.247742
0.245042
0.242371
0.239730
0.237117
0.234533
0.231977
0.229449
0.226949
0.224475
0.222029
0.219609
0.217216
0.214849
0.212507
0.210191
0.207901
0.205635
0.203394
0.201177
0.198985
0.196816
0.194672
0.192550
0.190452
0.188376
0.186323
0.184293
0.182284
0.180298
0.178333
0.176389
0.174467
0.172566
0.170685
0.168825
0.166985
0.165165
0.163365
0.161585
0.159824
0.158082
0.156359
0.154655
0.152970
0.151303
0.149654
0.148023
0.146410
0.144814
0.143236
0.141675
0.140131
0.138604
0.137094
0.135600
0.134122
0.132660
0.131215
0.129785
0.128370
0.126971
0.125587
0.124219
0.122865
0.121526
0.120202
0.118892
0.117596
0.116315
0.115047
0.113793
0.112553
0.111327
0.110113
0.108913
0.107726
0.106552
0.105391
0.104243
0.103107
0.101983
0.100872
0.099772
0.098685
0.097610
0.096546
0.095494
0.094453
0.093424
0.092406
0.091399
0.090403
0.089417
0.088443
0.087479
0.086526
0.085583
0.084650
0.083728
0.082815
0.081913
0.081020
0.080137
0.079264
0.078400
0.077546
0.076701
0.075865
0.075038
0.074220
0.073411
0.072611
0.071820
0.071037
0.070263
0.069498
0.068740
0.067991
0.067250
0.066517
0.065792
0.065075
0.064366
0.063665
0.062971
0.062285
0.061606
0.060935
0.060271
0.059614
0.058964
0.058322
0.057686
0.057057
0.056436
0.055820
0.055212
0.054611
0.054015
0.053427
0.052845
0.052269
0.051699
0.051136
0.050578
0.050027
0.049482
0.048943
0.048409
0.047882
0.047360
0.046844
0.046333
0.045829
0.045329
0.044835
0.044347
0.043863
0.043385
0.042912
0.042445
0.041982
0.041525
0.041072
0.040625
0.040182
0.039744
0.039311
0.038883
0.038459
0.038040
0.037625
0.037215
0.036810
0.036409
0.036012
0.035619
0.035231
0.034847
0.034467
0.034092
0.033720
0.033353
0.032989
0.032630
0.032274
0.031923
0.031575
0.031231
0.030890
0.030554
0.030221
0.029891
0.029566
0.029243
0.028925
0.028610
0.028298
0.027989
0.027684
0.027383
0.027084
0.026789
0.026497
0.026208
0.025923
0.025640
0.025361
0.025085
0.024811
0.024541
0.024273
0.024009
0.023747
0.023489
0.023233
0.022979
0.022729
0.022481
0.022236
0.021994
0.021754
0.021517
0.021283
0.021051
0.020821
0.020595
0.020370
0.020148
0.019929
0.019711
0.019497
0.019284
0.019074
0.018866
0.018661
0.018457
0.018256
0.018057
0.017860
0.017666
0.017473
0.017283
0.017094
0.016908
0.016724
0.016542
0.016361
0.016183
0.016007
0.015832
0.015660
0.015489
0.015320
0.015153
0.014988
0.014825
0.014663
0.014504
0.014346
0.014189
0.014035
0.013882
0.013730
0.013581
0.013433
0.013286
0.013142
0.012998
0.012857
0.012717
0.012578
0.012441
0.012305
0.012171
0.012039
0.011908
0.011778
0.011649
0.011522
0.011397
0.011273
0.011150
0.011028
0.010908
0.010789
0.010672
0.010555
0.010440
0.010327
0.010214
0.010103
0.009993
0.009884
0.009776
0.009670
0.009564
0.009460
0.009357
0.009255
0.009154
0.009054
0.008956
0.008858
0.008762
0.008666
0.008572
0.008478
0.008386
0.008294
0.008204
0.008115
0.008026
0.007939
0.007852
0.007767
0.007682
0.007598
0.007516
0.007434
0.007353
0.007273
0.007193
0.007115
0.007037
0.006961
0.006885
0.006810
0.006736
0.006662
0.006590
0.006518
0.006447
0.006377
0.006307
0.006238
0.006170
0.006103
0.006037
0.005971
0.005906
0.005841
0.005778
0.005715
0.005653
0.005591
0.005530
0.005470
0.005410
0.005351
0.005293
0.005235
0.005178
0.005122
0.005066
0.005011
0.004956
0.004902
0.004849
0.004796
0.004744
0.004692
0.004641
0.004590
0.004540
0.004491
0.004442
0.004393
0.004345
0.004298
0.004251
0.004205
0.004159
0.004114
0.004069
0.004025
0.003981
0.003937
0.003895
0.003852
0.003810
0.003769
0.003728
0.003687
0.003647
0.003607
0.003568
0.003529
0.003490
0.003452
0.003415
0.003377
0.003341
0.003304
0.003268
0.003233
0.003197
0.003163
0.003128
0.003094
0.003060
0.003027
0.002994
0.002961
0.002929
0.002897
0.002866
0.002834
0.002804
0.002773
0.002743
0.002713
0.002683
0.002654
0.002625
0.002597
0.002568
0.002540
0.002513
0.002485
0.002458
0.002431
0.002405
0.002379
0.002353
0.002327
0.002302
0.002277
0.002252
0.002227
0.002203
0.002179
0.002155
0.002132
0.002109
0.002086
0.002063
0.002040
0.002018
0.001996
0.001974
0.001953
0.001932
0.001911
0.001890
0.001869
0.001849
0.001829
0.001809
0.001789
0.001769
0.001750
0.001731
0.001712
0.001694
0.001675
0.001657
0.001639
0.001621
0.001603
0.001586
0.001569
0.001551
0.001535
0.001518
0.001501
0.001485
0.001469
0.001453
0.001437
0.001421
0.001406
0.001390
0.001375
0.001360
0.001345
0.001331
0.001316
0.001302
0.001288
0.001274
0.001260
0.001246
0.001233
0.001219
0.001206
0.001193
0.001180
0.001167
0.001154
0.001142
0.001129
0.001117
0.001105
0.001093
0.001081
0.001069
0.001057
0.001046
0.001034
0.001023
0.001012
0.001001
0.000990
0.000979
0.000969
0.000958
0.000948
0.000937
0.000927
0.000917
0.000907
0.000897
0.000887
0.000878
0.000868
0.000859
0.000849
0.000840
0.000831
0.000822
0.000813
0.000804
0.000795
0.000786
0.000778
0.000769
0.000761
0.000753
0.000745
0.000736
0.000728
0.000720
0.000713
0.000705
0.000697
0.000690
0.000682
0.000675
