18.661606
30.554124
34.529642
35.690442
35.852278
35.661303
35.347440
34.992485
34.625518
34.256859
33.890155
33.526675
33.166844
32.810787
32.458520
32.110024
31.765266
31.424208
31.086812
30.753038
30.422848
30.096203
29.773065
29.453397
29.137161
28.824320
28.514839
28.208681
27.905809
27.606190
27.309788
27.016568
26.726496
26.439540
26.155664
25.874836
25.597023
25.322194
25.050315
24.781355
24.515283
24.252068
23.991679
23.734086
23.479259
23.227168
22.977783
22.731077
22.487019
22.245581
22.006736
21.770455
21.536712
21.305478
21.076726
20.850431
20.626566
20.405104
20.186020
19.969289
19.754884
19.542781
19.332956
19.125384
18.920040
18.716902
18.515944
18.317144
18.120478
17.925924
17.733459
17.543061
17.354706
17.168375
16.984043
16.801691
16.621297
16.442840
16.266298
16.091653
15.918882
15.747967
15.578886
15.411621
15.246152
15.082460
14.920525
14.760328
14.601852
14.445077
14.289986
14.136560
13.984781
13.834632
13.686094
13.539152
13.393787
13.249984
13.107724
12.966991
12.827770
12.690043
12.553796
12.419011
12.285673
12.153767
12.023277
11.894188
11.766485
11.640153
11.515178
11.391545
11.269238
11.148246
11.028552
10.910143
10.793006
10.677126
10.562491
10.449086
10.336899
10.225917
10.116126
10.007514
9.900068
9.793775
9.688624
9.584602
9.481697
9.379896
9.279189
9.179563
9.081007
8.983508
8.887057
8.791641
8.697250
8.603872
8.511496
8.420113
8.329710
8.240279
8.151807
8.064285
7.977703
7.892051
7.807318
7.723495
7.640572
7.558540
7.477388
7.397107
7.317689
7.239123
7.161400
7.084512
7.008450
6.933204
6.858766
6.785128
6.712280
6.640214
6.568922
6.498395
6.428626
6.359605
6.291326
6.223780
6.156959
6.090855
6.025461
5.960770
5.896772
5.833462
5.770832
5.708874
5.647582
5.586947
5.526964
5.467624
5.408922
5.350849
5.293401
5.236569
5.180347
5.124729
5.069708
5.015278
4.961433
4.908165
4.855469
4.803339
4.751769
4.700752
4.650284
4.600357
4.550966
4.502105
4.453769
4.405952
4.358649
4.311853
4.265559
4.219763
4.174458
4.129640
4.085303
4.041442
3.998052
3.955128
3.912665
3.870657
3.829101
3.787990
3.747322
3.707089
3.667289
3.627916
3.588966
3.550434
3.512315
3.474606
3.437302
3.400398
3.363891
3.327775
3.292048
3.256704
3.221739
3.187150
3.152932
3.119081
3.085594
3.052466
3.019694
2.987274
2.955202
2.923475
2.892088
2.861038
2.830321
2.799934
2.769874
2.740136
2.710717
2.681614
2.652824
2.624343
2.596168
2.568295
2.540721
2.513443
2.486459
2.459764
2.433355
2.407230
2.381386
2.355819
2.330527
2.305506
2.280754
2.256267
2.232044
2.208080
2.184374
2.160922
2.137722
2.114772
2.092067
2.069606
2.047387
2.025406
2.003661
1.982150
1.960869
1.939817
1.918991
1.898388
1.878007
1.857845
1.837899
1.818167
1.798647
1.779337
1.760234
1.741336
1.722640
1.704146
1.685850
1.667751
1.649846
1.632133
1.614610
1.597276
1.580128
1.563163
1.546381
1.529779
1.513355
1.497108
1.481035
1.465135
1.449405
1.433844
1.418450
1.403222
1.388157
1.373254
1.358510
1.343925
1.329497
1.315223
1.301103
1.287135
1.273316
1.259646
1.246122
1.232744
1.219509
1.206417
1.193465
1.180652
1.167976
1.155437
1.143032
1.130761
1.118621
1.106611
1.094731
1.082978
1.071351
1.059849
1.048471
1.037214
1.026079
1.015063
1.004165
0.993385
0.982720
0.972170
0.961732
0.951407
0.941193
0.931089
0.921093
0.911204
0.901421
0.891744
0.882170
0.872699
0.863330
0.854061
0.844892
0.835822
0.826848
0.817971
0.809190
0.800502
0.791908
0.783407
0.774996
0.766676
0.758445
0.750302
0.742247
0.734279
0.726395
0.718597
0.710882
0.703250
0.695700
0.688232
0.680843
0.673533
0.666302
0.659149
0.652073
0.645072
0.638147
0.631296
0.624518
0.617814
0.611181
0.604619
0.598128
0.591707
0.585355
0.579070
0.572854
0.566704
0.560620
0.554601
0.548647
0.542757
0.536930
0.531165
0.525463
0.519822
0.514241
0.508720
0.503259
0.497856
0.492511
0.487224
0.481993
0.476818
0.471700
0.466635
0.461626
0.456670
0.451767
0.446917
0.442119
0.437373
0.432677
0.428032
0.423437
0.418891
0.414394
0.409945
0.405544
0.401190
0.396883
0.392623
0.388407
0.384238
0.380113
0.376032
0.371995
0.368001
0.364051
0.360142
0.356276
0.352451
0.348667
0.344924
0.341221
0.337558
0.333934
0.330349
0.326803
0.323294
0.319823
0.316390
0.312993
0.309633
0.306309
0.303021
0.299767
0.296549
0.293366
0.290216
0.287101
0.284018
0.280969
0.277953
0.274969
0.272017
0.269097
0.266208
0.263350
0.260523
0.257726
0.254959
0.252222
0.249514
0.246836
0.244186
0.241564
0.238971
0.236405
0.233867
0.231357
0.228873
0.226416
0.223985
0.221581
0.219202
0.216849
0.214521
0.212218
0.209939
0.207686
0.205456
0.203250
0.201068
0.198910
0.196774
0.194662
0.192572
0.190505
0.188460
0.186436
0.184435
0.182455
0.180496
0.178558
0.176642
0.174745
0.172869
0.171013
0.169178
0.167361
0.165565
0.163787
0.162029
0.160289
0.158569
0.156866
0.155182
0.153516
0.151868
0.150238
0.148625
0.147030
0.145451
0.143890
0.142345
0.140817
0.139305
0.137810
0.136330
0.134867
0.133419
0.131986
0.130570
0.129168
0.127781
0.126409
0.125052
0.123710
0.122382
0.121068
0.119768
0.118483
0.117211
0.115952
0.114707
0.113476
0.112258
0.111053
0.109861
0.108681
0.107514
0.106360
0.105218
0.104089
0.102971
0.101866
0.100772
0.099691
0.098620
0.097562
0.096514
0.095478
0.094453
0.093439
0.092436
0.091444
0.090462
0.089491
0.088530
0.087580
0.086640
0.085710
0.084790
0.083879
0.082979
0.082088
0.081207
0.080335
0.079473
0.078619
0.077775
0.076940
0.076115
0.075297
0.074489
0.073689
0.072898
0.072116
0.071342
0.070576
0.069818
0.069069
0.068327
0.067594
0.066868
0.066150
0.065440
0.064737
0.064043
0.063355
0.062675
0.062002
0.061336
0.060678
0.060027
0.059382
0.058745
0.058114
0.057490
0.056873
0.056263
0.055659
0.055061
0.054470
0.053885
0.053307
0.052734
0.052168
0.051608
0.051054
0.050506
0.049964
0.049428
0.048897
0.048372
0.047853
0.047339
0.046831
0.046328
0.045831
0.045339
0.044852
0.044371
0.043894
0.043423
0.042957
0.042496
0.042040
0.041588
0.041142
0.040700
0.040263
0.039831
0.039404
0.038981
0.038562
0.038148
0.037739
0.037333
0.036933
0.036536
0.036144
0.035756
0.035372
0.034992
0.034617
0.034245
0.033878
0.033514
0.033154
0.032798
0.032446
0.032098
0.031753
0.031412
0.031075
0.030742
0.030412
0.030085
0.029762
0.029443
0.029127
0.028814
0.028505
0.028199
0.027896
0.027596
0.027300
0.027007
0.026717
0.026430
0.026147
0.025866
0.025588
0.025314
0.025042
0.024773
0.024507
0.024244
0.023984
0.023726
0.023472
0.023220
0.022970
0.022724
0.022480
0.022239
0.022000
0.021764
0.021530
0.021299
0.021070
0.020844
0.020620
0.020399
0.020180
0.019963
0.019749
0.019537
0.019327
0.019120
0.018915
0.018712
0.018511
0.018312
0.018115
0.017921
0.017729
0.017538
0.017350
0.017164
0.016979
0.016797
0.016617
0.016438
0.016262
0.016087
0.015915
0.015744
0.015575
0.015408
0.015242
0.015079
0.014917
0.014757
0.014598
0.014442
0.014287
0.014133
0.013981
0.013831
0.013683
0.013536
0.013391
0.013247
0.013105
0.012964
0.012825
0.012687
0.012551
0.012416
0.012283
0.012151
0.012021
0.011892
0.011764
0.011638
0.011513
0.011389
0.011267
0.011146
0.011026
0.010908
0.010791
0.010675
0.010560
0.010447
0.010335
0.010224
0.010114
0.010006
0.009898
0.009792
0.009687
0.009583
0.009480
0.009378
0.009278
0.009178
0.009080
0.008982
0.008886
0.008790
0.008696
0.008603
0.008510
0.008419
0.008328
0.008239
0.008151
0.008063
0.007977
0.007891
0.007806
0.007722
0.007640
0.007558
0.007476
0.007396
0.007317
0.007238
0.007161
0.007084
0.007008
0.006932
0.006858
0.006784
0.006712
0.006639
0.006568
0.006498
0.006428
0.006359
0.006291
0.006223
0.006156
0.006090
0.006025
0.005960
0.005896
0.005833
0.005770
0.005708
0.005647
0.005586
0.005527
0.005467
0.005409
0.005350
0.005293
0.005236
0.005180
0.005124
0.005069
0.005015
0.004961
0.004908
0.004855
0.004803
0.004752
0.004701
0.004650
0.004600
0.004551
0.004502
0.004454
0.004406
0.004358
0.004312
0.004265
0.004220
0.004174
0.004130
0.004085
0.004041
0.003998
0.003955
0.003913
0.003871
0.003829
0.003788
0.003747
0.003707
0.003667
0.003628
0.003589
0.003550
0.003512
0.003475
0.003437
0.003400
0.003364
0.003328
0.003292
0.003257
0.003222
0.003187
0.003153
0.003119
0.003086
0.003053
0.003020
0.002987
0.002955
0.002924
0.002892
0.002861
0.002830
0.002800
0.002770
0.002740
0.002711
0.002682
0.002653
0.002624
0.002596
0.002568
0.002541
0.002514
0.002487
0.002460
0.002433
0.002407
0.002382
0.002356
0.002331
0.002306
0.002281
0.002256
0.002232
0.002208
0.002185
0.002161
0.002138
0.002115
0.002092
0.002070
0.002048
0.002026
0.002004
0.001982
0.001961
0.001940
0.001919
0.001899
0.001878
0.001858
0.001838
0.001818
0.001799
0.001780
0.001760
0.001742
0.001723
0.001704
0.001686
0.001668
0.001650
0.001632
0.001615
0.001597
0.001580
0.001563
0.001547
0.001530
0.001514
0.001497
0.001481
0.001465
0.001450
0.001434
0.001419
0.001403
0.001388
0.001373
0.001359
0.001344
0.001330
0.001315
0.001301
0.001287
0.001273
0.001260
0.001246
0.001233
0.001220
0.001207
0.001194
0.001181
0.001168
0.001156
0.001143
0.001131
0.001119
0.001107
0.001095
0.001083
0.001072
0.001060
0.001049
0.001037
0.001026
0.001015
0.001004
0.000994
0.000983
0.000972
0.000962
0.000952
0.000941
0.000931
0.000921
0.000911
0.000902
0.000892
0.000882
0.000873
0.000863
0.000854
0.000845
0.000836
0.000827
0.000818
0.000809
0.000801
0.000792
0.000784
