18.793128
30.673857
34.704011
35.903142
36.083126
35.897964
35.583701
35.225513
34.854118
34.480574
34.108845
33.740333
33.375518
33.014545
32.657438
32.304181
31.954741
31.609079
31.267155
30.928930
30.594364
30.263417
29.936050
29.612224
29.291901
28.975043
28.661613
28.351574
28.044888
27.741520
27.441433
27.144593
26.850964
26.560511
26.273200
25.988997
25.707869
25.429781
25.154702
24.882599
24.613439
24.347190
24.083822
23.823303
23.565601
23.310688
23.058532
22.809104
22.562374
22.318313
22.076892
21.838082
21.601856
21.368185
21.137042
20.908400
20.682230
20.458508
20.237205
20.018296
19.801756
19.587557
19.375676
19.166087
18.958765
18.753686
18.550825
18.350158
18.151663
17.955314
17.761090
17.568966
17.378921
17.190931
17.004975
16.821031
16.639076
16.459090
16.281051
16.104937
15.930729
15.758405
15.587945
15.419330
15.252538
15.087550
14.924347
14.762910
14.603219
14.445255
14.289000
14.134435
13.981542
13.830304
13.680701
13.532716
13.386333
13.241532
13.098298
12.956614
12.816462
12.677826
12.540690
12.405037
12.270852
12.138118
12.006820
11.876943
11.748470
11.621387
11.495678
11.371330
11.248327
11.126654
11.006297
10.887242
10.769475
10.652982
10.537749
10.423763
10.311010
10.199476
10.089149
9.980015
9.872062
9.765277
9.659646
9.555158
9.451801
9.349562
9.248428
9.148389
9.049431
8.951544
8.854716
8.758936
8.664191
8.570472
8.477766
8.386063
8.295351
8.205622
8.116862
8.029063
7.942214
7.856304
7.771323
7.687262
7.604110
7.521857
7.440494
7.360012
7.280399
7.201648
7.123749
7.046693
6.970470
6.895071
6.820489
6.746713
6.673734
6.601546
6.530138
6.459503
6.389632
6.320516
6.252148
6.184520
6.117623
6.051450
5.985993
5.921244
5.857195
5.793839
5.731168
5.669175
5.607853
5.547194
5.487191
5.427838
5.369126
5.311050
5.253601
5.196774
5.140562
5.084958
5.029955
4.975547
4.921728
4.868491
4.815830
4.763738
4.712210
4.661240
4.610820
4.560946
4.511612
4.462811
4.414538
4.366787
4.319553
4.272830
4.226612
4.180894
4.135671
4.090936
4.046686
4.002914
3.959616
3.916786
3.874419
3.832511
3.791056
3.750050
3.709487
3.669362
3.629672
3.590411
3.551575
3.513159
3.475158
3.437569
3.400386
3.363605
3.327222
3.291233
3.255633
3.220418
3.185584
3.151127
3.117042
3.083326
3.049975
3.016985
2.984351
2.952071
2.920139
2.888554
2.857309
2.826403
2.795831
2.765590
2.735675
2.706085
2.676814
2.647860
2.619220
2.590889
2.562864
2.535143
2.507721
2.480596
2.453765
2.427224
2.400969
2.374999
2.349310
2.323899
2.298762
2.273898
2.249302
2.224972
2.200906
2.177100
2.153551
2.130257
2.107215
2.084423
2.061876
2.039574
2.017513
1.995691
1.974104
1.952752
1.931630
1.910736
1.890069
1.869625
1.849402
1.829398
1.809611
1.790037
1.770675
1.751523
1.732578
1.713837
1.695300
1.676962
1.658824
1.640881
1.623133
1.605576
1.588210
1.571031
1.554038
1.537229
1.520602
1.504154
1.487885
1.471791
1.455872
1.440124
1.424547
1.409139
1.393897
1.378820
1.363906
1.349154
1.334561
1.320126
1.305847
1.291722
1.277751
1.263930
1.250259
1.236736
1.223359
1.210126
1.197037
1.184090
1.171282
1.158613
1.146081
1.133685
1.121423
1.109293
1.097294
1.085426
1.073685
1.062072
1.050584
1.039221
1.027980
1.016862
1.005863
0.994983
0.984221
0.973576
0.963045
0.952629
0.942325
0.932132
0.922050
0.912077
0.902212
0.892453
0.882800
0.873251
0.863806
0.854463
0.845221
0.836079
0.827036
0.818090
0.809242
0.800489
0.791830
0.783266
0.774794
0.766413
0.758124
0.749924
0.741812
0.733789
0.725852
0.718001
0.710235
0.702553
0.694954
0.687437
0.680002
0.672647
0.665371
0.658175
0.651056
0.644014
0.637048
0.630158
0.623342
0.616599
0.609930
0.603333
0.596807
0.590352
0.583967
0.577651
0.571403
0.565222
0.559109
0.553061
0.547079
0.541162
0.535309
0.529519
0.523792
0.518126
0.512522
0.506979
0.501495
0.496071
0.490705
0.485398
0.480148
0.474954
0.469817
0.464736
0.459709
0.454737
0.449818
0.444953
0.440140
0.435380
0.430671
0.426013
0.421405
0.416847
0.412338
0.407878
0.403467
0.399103
0.394786
0.390516
0.386292
0.382114
0.377981
0.373893
0.369849
0.365849
0.361892
0.357977
0.354106
0.350276
0.346487
0.342739
0.339032
0.335365
0.331738
0.328150
0.324601
0.321090
0.317617
0.314182
0.310783
0.307422
0.304097
0.300808
0.297554
0.294336
0.291152
0.288003
0.284888
0.281807
0.278759
0.275744
0.272762
0.269811
0.266893
0.264006
0.261151
0.258326
0.255532
0.252769
0.250035
0.247330
0.244655
0.242009
0.239391
0.236802
0.234241
0.231707
0.229201
0.226722
0.224270
0.221844
0.219445
0.217072
0.214724
0.212401
0.210104
0.207832
0.205584
0.203360
0.201161
0.198985
0.196833
0.194704
0.192598
0.190515
0.188454
0.186416
0.184400
0.182405
0.180432
0.178481
0.176550
0.174641
0.172752
0.170884
0.169035
0.167207
0.165399
0.163610
0.161840
0.160090
0.158358
0.156645
0.154951
0.153275
0.151618
0.149978
0.148356
0.146751
0.145164
0.143594
0.142041
0.140504
0.138985
0.137481
0.135994
0.134524
0.133069
0.131629
0.130206
0.128797
0.127404
0.126026
0.124663
0.123315
0.121981
0.120662
0.119357
0.118066
0.116789
0.115526
0.114276
0.113040
0.111818
0.110608
0.109412
0.108229
0.107058
0.105900
0.104755
0.103622
0.102501
0.101393
0.100296
0.099211
0.098138
0.097077
0.096027
0.094988
0.093961
0.092945
0.091939
0.090945
0.089961
0.088988
0.088026
0.087074
0.086132
0.085201
0.084279
0.083367
0.082466
0.081574
0.080692
0.079819
0.078956
0.078102
0.077257
0.076421
0.075595
0.074777
0.073968
0.073168
0.072377
0.071594
0.070820
0.070054
0.069296
0.068547
0.067806
0.067072
0.066347
0.065629
0.064919
0.064217
0.063523
0.062836
0.062156
0.061484
0.060819
0.060161
0.059510
0.058867
0.058230
0.057600
0.056977
0.056361
0.055751
0.055148
0.054552
0.053962
0.053378
0.052801
0.052230
0.051665
0.051106
0.050554
0.050007
0.049466
0.048931
0.048402
0.047878
0.047360
0.046848
0.046342
0.045840
0.045345
0.044854
0.044369
0.043889
0.043415
0.042945
0.042480
0.042021
0.041567
0.041117
0.040672
0.040232
0.039797
0.039367
0.038941
0.038520
0.038103
0.037691
0.037284
0.036880
0.036481
0.036087
0.035697
0.035311
0.034929
0.034551
0.034177
0.033808
0.033442
0.033080
0.032722
0.032369
0.032018
0.031672
0.031330
0.030991
0.030656
0.030324
0.029996
0.029672
0.029351
0.029033
0.028719
0.028409
0.028102
0.027798
0.027497
0.027200
0.026905
0.026614
0.026327
0.026042
0.025760
0.025482
0.025206
0.024933
0.024664
0.024397
0.024133
0.023872
0.023614
0.023359
0.023106
0.022856
0.022609
0.022364
0.022122
0.021883
0.021646
0.021412
0.021181
0.020952
0.020725
0.020501
0.020279
0.020060
0.019843
0.019628
0.019416
0.019206
0.018998
0.018793
0.018590
0.018389
0.018190
0.017993
0.017798
0.017606
0.017416
0.017227
0.017041
0.016857
0.016674
0.016494
0.016316
0.016139
0.015965
0.015792
0.015621
0.015452
0.015285
0.015120
0.014956
0.014794
0.014634
0.014476
0.014320
0.014165
0.014012
0.013860
0.013710
0.013562
0.013415
0.013270
0.013127
0.012985
0.012844
0.012705
0.012568
0.012432
0.012297
0.012164
0.012033
0.011903
0.011774
0.011647
0.011521
0.011396
0.011273
0.011151
0.011030
0.010911
0.010793
0.010676
0.010561
0.010447
0.010334
0.010222
0.010111
0.010002
0.009894
0.009787
0.009681
0.009576
0.009473
0.009370
0.009269
0.009169
0.009070
0.008971
0.008874
0.008778
0.008684
0.008590
0.008497
0.008405
0.008314
0.008224
0.008135
0.008047
0.007960
0.007874
0.007789
0.007705
0.007621
0.007539
0.007457
0.007377
0.007297
0.007218
0.007140
0.007063
0.006986
0.006911
0.006836
0.006762
0.006689
0.006617
0.006545
0.006474
0.006404
0.006335
0.006266
0.006199
0.006132
0.006065
0.006000
0.005935
0.005871
0.005807
0.005744
0.005682
0.005621
0.005560
0.005500
0.005440
0.005382
0.005323
0.005266
0.005209
0.005153
0.005097
0.005042
0.004987
0.004933
0.004880
0.004827
0.004775
0.004723
0.004672
0.004622
0.004572
0.004522
0.004473
0.004425
0.004377
0.004330
0.004283
0.004237
0.004191
0.004145
0.004101
0.004056
0.004012
0.003969
0.003926
0.003884
0.003842
0.003800
0.003759
0.003718
0.003678
0.003638
0.003599
0.003560
0.003522
0.003483
0.003446
0.003409
0.003372
0.003335
0.003299
0.003263
0.003228
0.003193
0.003159
0.003125
0.003091
0.003057
0.003024
0.002992
0.002959
0.002927
0.002896
0.002864
0.002833
0.002803
0.002772
0.002742
0.002713
0.002683
0.002654
0.002626
0.002597
0.002569
0.002541
0.002514
0.002487
0.002460
0.002433
0.002407
0.002381
0.002355
0.002330
0.002304
0.002279
0.002255
0.002230
0.002206
0.002182
0.002159
0.002136
0.002112
0.002090
0.002067
0.002045
0.002023
0.002001
0.001979
0.001958
0.001936
0.001915
0.001895
0.001874
0.001854
0.001834
0.001814
0.001795
0.001775
0.001756
0.001737
0.001718
0.001700
0.001681
0.001663
0.001645
0.001627
0.001610
0.001592
0.001575
0.001558
0.001541
0.001524
0.001508
0.001492
0.001476
0.001460
0.001444
0.001428
0.001413
0.001397
0.001382
0.001367
0.001353
0.001338
0.001323
0.001309
0.001295
0.001281
0.001267
0.001253
0.001240
0.001226
0.001213
0.001200
0.001187
0.001174
0.001162
0.001149
0.001137
0.001124
0.001112
0.001100
0.001088
0.001076
0.001065
0.001053
0.001042
0.001031
0.001019
0.001008
0.000998
0.000987
0.000976
0.000966
0.000955
0.000945
0.000935
0.000924
0.000914
0.000905
0.000895
0.000885
0.000875
0.000866
0.000857
0.000847
0.000838
0.000829
0.000820
0.000811
0.000803
0.000794
0.000785
0.000777
0.000768
0.000760
0.000752
0.000744
0.000736
0.000728
