18.531414
30.433608
34.354692
35.478143
35.622672
35.426386
35.113149
34.761483
34.398910
34.035058
33.673281
33.314726
32.959771
32.608522
32.260989
31.917150
31.576973
31.240420
30.907454
30.578037
30.252131
29.929698
29.610703
29.295107
28.982874
28.673970
28.368358
28.066004
27.766872
27.470928
27.178139
26.888471
26.601889
26.318363
26.037858
25.760343
25.485786
25.214155
24.945419
24.679548
24.416510
24.156276
23.898815
23.644099
23.392098
23.142782
22.896124
22.652095
22.410666
22.171811
21.935502
21.701711
21.470413
21.241579
21.015184
20.791203
20.569609
20.350376
20.133480
19.918896
19.706599
19.496565
19.288770
19.083189
18.879799
18.678577
18.479500
18.282544
18.087688
17.894909
17.704184
17.515492
17.328812
17.144121
16.961398
16.780623
16.601775
16.424833
16.249777
16.076586
15.905242
15.735724
15.568012
15.402088
15.237933
15.075527
14.914852
14.755890
14.598621
14.443029
14.289096
14.136803
13.986133
13.837069
13.689594
13.543691
13.399343
13.256533
13.115245
12.975464
12.837172
12.700354
12.564994
12.431077
12.298587
12.167509
12.037829
11.909530
11.782599
11.657021
11.532781
11.409866
11.288260
11.167951
11.048924
10.931165
10.814662
10.699400
10.585367
10.472549
10.360934
10.250508
10.141259
10.033175
9.926242
9.820449
9.715784
9.612235
9.509789
9.408434
9.308160
9.208955
9.110807
9.013706
8.917639
8.822596
8.728566
8.635538
8.543502
8.452446
8.362362
8.273237
8.185062
8.097827
8.011522
7.926136
7.841661
7.758086
7.675401
7.593598
7.512667
7.432598
7.353383
7.275012
7.197477
7.120767
7.044875
6.969793
6.895510
6.822019
6.749311
6.677379
6.606213
6.535805
6.466148
6.397233
6.329053
6.261599
6.194864
6.128841
6.063521
5.998898
5.934963
5.871710
5.809130
5.747218
5.685966
5.625366
5.565412
5.506098
5.447415
5.389358
5.331920
5.275093
5.218873
5.163252
5.108223
5.053781
4.999919
4.946632
4.893912
4.841754
4.790152
4.739100
4.688592
4.638623
4.589186
4.540275
4.491887
4.444014
4.396651
4.349793
4.303434
4.257569
4.212193
4.167301
4.122888
4.078947
4.035475
3.992467
3.949916
3.907819
3.866171
3.824967
3.784202
3.743871
3.703970
3.664495
3.625440
3.586801
3.548574
3.510755
3.473339
3.436321
3.399698
3.363466
3.327619
3.292155
3.257068
3.222356
3.188013
3.154036
3.120422
3.087166
3.054264
3.021713
2.989509
2.957648
2.926127
2.894941
2.864088
2.833564
2.803365
2.773488
2.743929
2.714686
2.685754
2.657130
2.628812
2.600795
2.573077
2.545654
2.518524
2.491683
2.465127
2.438855
2.412863
2.387148
2.361707
2.336537
2.311635
2.286999
2.262625
2.238511
2.214654
2.191052
2.167700
2.144598
2.121742
2.099130
2.076758
2.054625
2.032728
2.011064
1.989631
1.968427
1.947449
1.926694
1.906160
1.885845
1.865747
1.845863
1.826191
1.806728
1.787473
1.768423
1.749576
1.730930
1.712483
1.694232
1.676176
1.658312
1.640639
1.623154
1.605855
1.588741
1.571809
1.555058
1.538485
1.522088
1.505867
1.489818
1.473941
1.458232
1.442691
1.427316
1.412105
1.397055
1.382166
1.367436
1.352863
1.338445
1.324180
1.310068
1.296106
1.282293
1.268627
1.255107
1.241731
1.228497
1.215405
1.202452
1.189637
1.176959
1.164415
1.152006
1.139728
1.127582
1.115565
1.103676
1.091914
1.080277
1.068764
1.057374
1.046105
1.034956
1.023927
1.013014
1.002218
0.991537
0.980970
0.970516
0.960173
0.949940
0.939816
0.929800
0.919891
0.910087
0.900388
0.890793
0.881299
0.871907
0.862615
0.853422
0.844327
0.835328
0.826426
0.817619
0.808905
0.800284
0.791756
0.783318
0.774970
0.766711
0.758540
0.750456
0.742458
0.734545
0.726717
0.718972
0.711310
0.703730
0.696230
0.688810
0.681469
0.674207
0.667021
0.659913
0.652880
0.645922
0.639038
0.632228
0.625490
0.618824
0.612229
0.605705
0.599250
0.592863
0.586545
0.580294
0.574110
0.567991
0.561938
0.555950
0.550025
0.544163
0.538364
0.532626
0.526950
0.521334
0.515778
0.510282
0.504844
0.499463
0.494141
0.488874
0.483664
0.478510
0.473410
0.468365
0.463374
0.458436
0.453550
0.448717
0.443934
0.439203
0.434523
0.429892
0.425311
0.420778
0.416294
0.411857
0.407468
0.403126
0.398830
0.394579
0.390374
0.386214
0.382098
0.378026
0.373997
0.370012
0.366068
0.362167
0.358308
0.354489
0.350711
0.346974
0.343276
0.339618
0.335998
0.332418
0.328875
0.325370
0.321903
0.318472
0.315078
0.311720
0.308398
0.305112
0.301860
0.298643
0.295461
0.292312
0.289197
0.286115
0.283066
0.280049
0.277065
0.274112
0.271191
0.268301
0.265441
0.262613
0.259814
0.257045
0.254306
0.251596
0.248914
0.246262
0.243637
0.241041
0.238472
0.235931
0.233417
0.230929
0.228468
0.226033
0.223624
0.221241
0.218884
0.216551
0.214243
0.211960
0.209701
0.207466
0.205255
0.203068
0.200904
0.198763
0.196645
0.194549
0.192476
0.190425
0.188395
0.186388
0.184401
0.182436
0.180492
0.178568
0.176665
0.174783
0.172920
0.171077
0.169254
0.167451
0.165666
0.163901
0.162154
0.160426
0.158716
0.157025
0.155351
0.153696
0.152058
0.150437
0.148834
0.147248
0.145679
0.144127
0.142591
0.141071
0.139568
0.138080
0.136609
0.135153
0.133713
0.132288
0.130878
0.129483
0.128103
0.126738
0.125388
0.124051
0.122729
0.121421
0.120128
0.118847
0.117581
0.116328
0.115088
0.113862
0.112648
0.111448
0.110260
0.109085
0.107923
0.106773
0.105635
0.104509
0.103395
0.102293
0.101203
0.100125
0.099058
0.098002
0.096958
0.095924
0.094902
0.093891
0.092890
0.091900
0.090921
0.089952
0.088994
0.088045
0.087107
0.086179
0.085260
0.084352
0.083453
0.082563
0.081684
0.080813
0.079952
0.079100
0.078257
0.077423
0.076598
0.075782
0.074974
0.074175
0.073385
0.072603
0.071829
0.071063
0.070306
0.069557
0.068816
0.068082
0.067357
0.066639
0.065929
0.065226
0.064531
0.063844
0.063163
0.062490
0.061824
0.061165
0.060513
0.059869
0.059231
0.058599
0.057975
0.057357
0.056746
0.056141
0.055543
0.054951
0.054365
0.053786
0.053213
0.052646
0.052085
0.051530
0.050981
0.050437
0.049900
0.049368
0.048842
0.048322
0.047807
0.047297
0.046793
0.046294
0.045801
0.045313
0.044830
0.044352
0.043880
0.043412
0.042950
0.042492
0.042039
0.041591
0.041148
0.040709
0.040276
0.039846
0.039422
0.039002
0.038586
0.038175
0.037768
0.037366
0.036967
0.036573
0.036184
0.035798
0.035417
0.035039
0.034666
0.034296
0.033931
0.033569
0.033212
0.032858
0.032508
0.032161
0.031818
0.031479
0.031144
0.030812
0.030484
0.030159
0.029837
0.029519
0.029205
0.028894
0.028586
0.028281
0.027980
0.027682
0.027387
0.027095
0.026806
0.026520
0.026238
0.025958
0.025682
0.025408
0.025137
0.024869
0.024604
0.024342
0.024083
0.023826
0.023572
0.023321
0.023072
0.022827
0.022583
0.022343
0.022105
0.021869
0.021636
0.021405
0.021177
0.020952
0.020728
0.020507
0.020289
0.020073
0.019859
0.019647
0.019438
0.019231
0.019026
0.018823
0.018622
0.018424
0.018228
0.018033
0.017841
0.017651
0.017463
0.017277
0.017093
0.016911
0.016730
0.016552
0.016376
0.016201
0.016029
0.015858
0.015689
0.015522
0.015356
0.015193
0.015031
0.014871
0.014712
0.014555
0.014400
0.014247
0.014095
0.013945
0.013796
0.013649
0.013504
0.013360
0.013217
0.013077
0.012937
0.012799
0.012663
0.012528
0.012395
0.012262
0.012132
0.012003
0.011875
0.011748
0.011623
0.011499
0.011376
0.011255
0.011135
0.011017
0.010899
0.010783
0.010668
0.010555
0.010442
0.010331
0.010221
0.010112
0.010004
0.009897
0.009792
0.009688
0.009584
0.009482
0.009381
0.009281
0.009182
0.009084
0.008988
0.008892
0.008797
0.008703
0.008611
0.008519
0.008428
0.008338
0.008249
0.008162
0.008075
0.007989
0.007903
0.007819
0.007736
0.007653
0.007572
0.007491
0.007411
0.007332
0.007254
0.007177
0.007100
0.007025
0.006950
0.006876
0.006803
0.006730
0.006658
0.006587
0.006517
0.006448
0.006379
0.006311
0.006244
0.006177
0.006112
0.006046
0.005982
0.005918
0.005855
0.005793
0.005731
0.005670
0.005610
0.005550
0.005491
0.005432
0.005374
0.005317
0.005260
0.005204
0.005149
0.005094
0.005040
0.004986
0.004933
0.004880
0.004828
0.004777
0.004726
0.004676
0.004626
0.004576
0.004528
0.004479
0.004432
0.004384
0.004338
0.004292
0.004246
0.004201
0.004156
0.004112
0.004068
0.004024
0.003981
0.003939
0.003897
0.003856
0.003814
0.003774
0.003734
0.003694
0.003654
0.003616
0.003577
0.003539
0.003501
0.003464
0.003427
0.003390
0.003354
0.003319
0.003283
0.003248
0.003214
0.003179
0.003145
0.003112
0.003079
0.003046
0.003014
0.002981
0.002950
0.002918
0.002887
0.002856
0.002826
0.002796
0.002766
0.002737
0.002707
0.002679
0.002650
0.002622
0.002594
0.002566
0.002539
0.002512
0.002485
0.002459
0.002432
0.002406
0.002381
0.002355
0.002330
0.002305
0.002281
0.002257
0.002233
0.002209
0.002185
0.002162
0.002139
0.002116
0.002094
0.002071
0.002049
0.002027
0.002006
0.001984
0.001963
0.001942
0.001922
0.001901
0.001881
0.001861
0.001841
0.001821
0.001802
0.001783
0.001764
0.001745
0.001726
0.001708
0.001690
0.001672
0.001654
0.001636
0.001619
0.001602
0.001585
0.001568
0.001551
0.001534
0.001518
0.001502
0.001486
0.001470
0.001454
0.001439
0.001424
0.001408
0.001393
0.001379
0.001364
0.001349
0.001335
0.001321
0.001307
0.001293
0.001279
0.001265
0.001252
0.001238
0.001225
0.001212
0.001199
0.001187
0.001174
0.001161
0.001149
0.001137
0.001125
0.001113
0.001101
0.001089
0.001077
0.001066
0.001055
0.001043
0.001032
0.001021
0.001010
0.001000
0.000989
0.000978
0.000968
0.000958
0.000947
0.000937
0.000927
0.000917
0.000908
0.000898
0.000888
0.000879
0.000870
0.000860
0.000851
0.000842
