18.402542
30.312376
34.179264
35.266336
35.394370
35.193244
34.880840
34.532509
34.174291
33.815167
33.458220
33.104487
32.754303
32.407757
32.064855
31.725573
31.389878
31.057735
30.729106
30.403954
30.082243
29.763936
29.448997
29.137390
28.829081
28.524034
28.222215
27.923590
27.628124
27.335785
27.046540
26.760355
26.477198
26.197038
25.919842
25.645579
25.374218
25.105729
24.840080
24.577243
24.317187
24.059882
23.805300
23.553412
23.304190
23.057604
22.813628
22.572233
22.333393
22.097080
21.863267
21.631928
21.403038
21.176569
20.952497
20.730795
20.511440
20.294406
20.079668
19.867202
19.656985
19.448992
19.243200
19.039585
18.838125
18.638797
18.441577
18.246445
18.053377
17.862353
17.673349
17.486346
17.301321
17.118254
16.937124
16.757911
16.580594
16.405154
16.231569
16.059822
15.889892
15.721760
15.555407
15.390814
15.227962
15.066834
14.907411
14.749675
14.593608
14.439192
14.286410
14.135245
13.985680
13.837697
13.691279
13.546411
13.403076
13.261258
13.120940
12.982107
12.844743
12.708833
12.574360
12.441311
12.309669
12.179420
12.050550
11.923043
11.796885
11.672062
11.548560
11.426365
11.305463
11.185840
11.067482
10.950378
10.834512
10.719872
10.606445
10.494219
10.383180
10.273316
10.164614
10.057063
9.950649
9.845362
9.741188
9.638117
9.536137
9.435236
9.335402
9.236625
9.138892
9.042194
8.946519
8.851857
8.758196
8.665526
8.573837
8.483118
8.393359
8.304549
8.216679
8.129739
8.043719
7.958610
7.874400
7.791082
7.708645
7.627081
7.546380
7.466532
7.387530
7.309363
7.232024
7.155502
7.079791
7.004880
6.930763
6.857429
6.784872
6.713082
6.642052
6.571773
6.502238
6.433439
6.365367
6.298016
6.231378
6.165445
6.100209
6.035664
5.971802
5.908615
5.846097
5.784240
5.723038
5.662484
5.602570
5.543290
5.484638
5.426606
5.369188
5.312378
5.256168
5.200554
5.145528
5.091084
5.037216
4.983919
4.931185
4.879009
4.827385
4.776308
4.725771
4.675768
4.626295
4.577345
4.528913
4.480994
4.433582
4.386671
4.340257
4.294334
4.248896
4.203940
4.159459
4.115449
4.071904
4.028820
3.986193
3.944016
3.902285
3.860996
3.820144
3.779724
3.739732
3.700163
3.661012
3.622276
3.583950
3.546029
3.508510
3.471387
3.434658
3.398316
3.362360
3.326784
3.291584
3.256757
3.222298
3.188204
3.154471
3.121094
3.088071
3.055397
3.023069
2.991083
2.959435
2.928122
2.897141
2.866487
2.836158
2.806150
2.776459
2.747082
2.718016
2.689258
2.660804
2.632651
2.604795
2.577235
2.549966
2.522986
2.496291
2.469879
2.443746
2.417890
2.392307
2.366995
2.341951
2.317171
2.292654
2.268397
2.244396
2.220649
2.197153
2.173906
2.150904
2.128147
2.105630
2.083351
2.061308
2.039498
2.017919
1.996568
1.975443
1.954542
1.933862
1.913401
1.893156
1.873125
1.853306
1.833697
1.814296
1.795100
1.776106
1.757314
1.738721
1.720324
1.702122
1.684113
1.666294
1.648664
1.631220
1.613961
1.596885
1.579989
1.563272
1.546731
1.530366
1.514174
1.498153
1.482302
1.466619
1.451101
1.435748
1.420557
1.405527
1.390656
1.375942
1.361384
1.346980
1.332728
1.318627
1.304675
1.290871
1.277213
1.263700
1.250329
1.237100
1.224011
1.211060
1.198247
1.185569
1.173025
1.160614
1.148334
1.136184
1.124163
1.112269
1.100501
1.088857
1.077336
1.065938
1.054659
1.043501
1.032460
1.021536
1.010728
1.000034
0.989453
0.978984
0.968626
0.958378
0.948238
0.938205
0.928279
0.918457
0.908740
0.899125
0.889612
0.880199
0.870886
0.861672
0.852555
0.843535
0.834610
0.825780
0.817042
0.808398
0.799845
0.791382
0.783009
0.774725
0.766528
0.758418
0.750393
0.742454
0.734598
0.726826
0.719136
0.711527
0.703999
0.696551
0.689181
0.681889
0.674675
0.667536
0.660474
0.653486
0.646572
0.639731
0.632962
0.626265
0.619639
0.613083
0.606597
0.600179
0.593829
0.587546
0.581329
0.575179
0.569093
0.563072
0.557114
0.551220
0.545388
0.539618
0.533908
0.528259
0.522670
0.517140
0.511669
0.506255
0.500899
0.495599
0.490356
0.485168
0.480035
0.474956
0.469931
0.464959
0.460039
0.455172
0.450356
0.445591
0.440877
0.436212
0.431597
0.427031
0.422513
0.418042
0.413619
0.409243
0.404913
0.400629
0.396391
0.392197
0.388047
0.383942
0.379879
0.375860
0.371883
0.367949
0.364056
0.360204
0.356393
0.352622
0.348892
0.345200
0.341548
0.337934
0.334359
0.330821
0.327321
0.323858
0.320432
0.317042
0.313687
0.310368
0.307085
0.303836
0.300621
0.297440
0.294293
0.291180
0.288099
0.285051
0.282035
0.279051
0.276099
0.273178
0.270287
0.267428
0.264598
0.261799
0.259029
0.256288
0.253577
0.250894
0.248240
0.245613
0.243015
0.240443
0.237900
0.235383
0.232892
0.230428
0.227990
0.225578
0.223191
0.220830
0.218494
0.216182
0.213895
0.211632
0.209393
0.207177
0.204985
0.202817
0.200671
0.198548
0.196447
0.194369
0.192312
0.190278
0.188264
0.186273
0.184302
0.182352
0.180423
0.178514
0.176625
0.174756
0.172908
0.171078
0.169268
0.167477
0.165705
0.163952
0.162218
0.160501
0.158803
0.157123
0.155461
0.153816
0.152189
0.150579
0.148985
0.147409
0.145850
0.144306
0.142780
0.141269
0.139775
0.138296
0.136833
0.135385
0.133953
0.132535
0.131133
0.129746
0.128373
0.127015
0.125671
0.124341
0.123026
0.121724
0.120436
0.119162
0.117902
0.116654
0.115420
0.114199
0.112991
0.111795
0.110612
0.109442
0.108284
0.107139
0.106005
0.104884
0.103774
0.102676
0.101590
0.100515
0.099452
0.098399
0.097358
0.096328
0.095309
0.094301
0.093303
0.092316
0.091339
0.090373
0.089417
0.088471
0.087535
0.086609
0.085692
0.084786
0.083889
0.083001
0.082123
0.081254
0.080395
0.079544
0.078702
0.077870
0.077046
0.076231
0.075424
0.074626
0.073837
0.073056
0.072283
0.071518
0.070761
0.070013
0.069272
0.068539
0.067814
0.067097
0.066387
0.065684
0.064989
0.064302
0.063622
0.062948
0.062282
0.061624
0.060972
0.060326
0.059688
0.059057
0.058432
0.057814
0.057202
0.056597
0.055998
0.055406
0.054820
0.054240
0.053666
0.053098
0.052536
0.051980
0.051430
0.050886
0.050348
0.049815
0.049288
0.048767
0.048251
0.047740
0.047235
0.046736
0.046241
0.045752
0.045268
0.044789
0.044315
0.043846
0.043382
0.042923
0.042469
0.042020
0.041575
0.041136
0.040700
0.040270
0.039844
0.039422
0.039005
0.038592
0.038184
0.037780
0.037381
0.036985
0.036594
0.036207
0.035824
0.035445
0.035070
0.034699
0.034331
0.033968
0.033609
0.033253
0.032901
0.032553
0.032209
0.031868
0.031531
0.031198
0.030867
0.030541
0.030218
0.029898
0.029582
0.029269
0.028959
0.028653
0.028350
0.028050
0.027753
0.027459
0.027169
0.026881
0.026597
0.026316
0.026037
0.025762
0.025489
0.025220
0.024953
0.024689
0.024428
0.024169
0.023913
0.023660
0.023410
0.023162
0.022917
0.022675
0.022435
0.022198
0.021963
0.021731
0.021501
0.021273
0.021048
0.020825
0.020605
0.020387
0.020171
0.019958
0.019747
0.019538
0.019331
0.019127
0.018924
0.018724
0.018526
0.018330
0.018136
0.017944
0.017754
0.017567
0.017381
0.017197
0.017015
0.016835
0.016657
0.016481
0.016306
0.016134
0.015963
0.015794
0.015627
0.015462
0.015298
0.015136
0.014976
0.014818
0.014661
0.014506
0.014352
0.014201
0.014050
0.013902
0.013755
0.013609
0.013465
0.013323
0.013182
0.013042
0.012904
0.012768
0.012633
0.012499
0.012367
0.012236
0.012107
0.011979
0.011852
0.011726
0.011602
0.011480
0.011358
0.011238
0.011119
0.011001
0.010885
0.010770
0.010656
0.010543
0.010432
0.010321
0.010212
0.010104
0.009997
0.009891
0.009787
0.009683
0.009581
0.009479
0.009379
0.009280
0.009182
0.009085
0.008989
0.008893
0.008799
0.008706
0.008614
0.008523
0.008433
0.008344
0.008255
0.008168
0.008082
0.007996
0.007912
0.007828
0.007745
0.007663
0.007582
0.007502
0.007422
0.007344
0.007266
0.007189
0.007113
0.007038
0.006964
0.006890
0.006817
0.006745
0.006674
0.006603
0.006533
0.006464
0.006396
0.006328
0.006261
0.006195
0.006129
0.006064
0.006000
0.005937
0.005874
0.005812
0.005750
0.005689
0.005629
0.005570
0.005511
0.005453
0.005395
0.005338
0.005281
0.005225
0.005170
0.005115
0.005061
0.005008
0.004955
0.004902
0.004851
0.004799
0.004748
0.004698
0.004649
0.004599
0.004551
0.004503
0.004455
0.004408
0.004361
0.004315
0.004269
0.004224
0.004179
0.004135
0.004092
0.004048
0.004005
0.003963
0.003921
0.003880
0.003839
0.003798
0.003758
0.003718
0.003679
0.003640
0.003601
0.003563
0.003525
0.003488
0.003451
0.003415
0.003379
0.003343
0.003308
0.003273
0.003238
0.003204
0.003170
0.003136
0.003103
0.003070
0.003038
0.003006
0.002974
0.002942
0.002911
0.002880
0.002850
0.002820
0.002790
0.002760
0.002731
0.002702
0.002674
0.002646
0.002618
0.002590
0.002562
0.002535
0.002508
0.002482
0.002456
0.002430
0.002404
0.002379
0.002353
0.002329
0.002304
0.002280
0.002255
0.002232
0.002208
0.002185
0.002161
0.002139
0.002116
0.002094
0.002071
0.002050
0.002028
0.002006
0.001985
0.001964
0.001943
0.001923
0.001902
0.001882
0.001862
0.001843
0.001823
0.001804
0.001785
0.001766
0.001747
0.001729
0.001711
0.001692
0.001675
0.001657
0.001639
0.001622
0.001605
0.001588
0.001571
0.001554
0.001538
0.001522
0.001506
0.001490
0.001474
0.001458
0.001443
0.001428
0.001412
0.001398
0.001383
0.001368
0.001354
0.001339
0.001325
0.001311
0.001297
0.001284
0.001270
0.001257
0.001243
0.001230
0.001217
0.001204
0.001191
0.001179
0.001166
0.001154
0.001142
0.001130
0.001118
0.001106
0.001094
0.001083
0.001071
0.001060
0.001049
0.001038
0.001027
0.001016
0.001005
0.000994
0.000984
0.000973
0.000963
0.000953
0.000943
0.000933
0.000923
0.000913
0.000904
