18.148706
30.068005
33.827370
34.844544
34.941894
34.732392
34.422200
34.080639
33.731001
33.381096
33.033523
32.689134
32.348188
32.010749
31.676814
31.346357
31.019345
30.695744
30.375519
30.058635
29.745056
29.434749
29.127679
28.823813
28.523117
28.225557
27.931102
27.639719
27.351376
27.066041
26.783682
26.504269
26.227771
25.954158
25.683399
25.415465
25.150326
24.887953
24.628317
24.371390
24.117144
23.865549
23.616580
23.370207
23.126405
22.885147
22.646405
22.410154
22.176368
21.945020
21.716086
21.489541
21.265358
21.043515
20.823986
20.606747
20.391774
20.179045
19.968534
19.760219
19.554078
19.350087
19.148225
18.948468
18.750795
18.555185
18.361615
18.170064
17.980512
17.792937
17.607319
17.423638
17.241873
17.062004
16.884011
16.707875
16.533577
16.361097
16.190417
16.021517
15.854379
15.688985
15.525316
15.363355
15.203083
15.044483
14.887538
14.732230
14.578542
14.426458
14.275960
14.127033
13.979659
13.833822
13.689507
13.546697
13.405377
13.265532
13.127145
12.990202
12.854688
12.720587
12.587885
12.456568
12.326621
12.198029
12.070779
11.944856
11.820247
11.696938
11.574916
11.454166
11.334676
11.216432
11.099422
10.983633
10.869052
10.755666
10.643463
10.532430
10.422556
10.313828
10.206234
10.099763
9.994402
9.890141
9.786967
9.684870
9.583837
9.483859
9.384923
9.287020
9.190138
9.094267
8.999396
8.905515
8.812613
8.720680
8.629706
8.539682
8.450596
8.362440
8.275203
8.188877
8.103451
8.018916
7.935264
7.852483
7.770567
7.689505
7.609288
7.529909
7.451358
7.373626
7.296705
7.220586
7.145261
7.070723
6.996962
6.923970
6.851740
6.780263
6.709532
6.639539
6.570276
6.501736
6.433910
6.366792
6.300375
6.234650
6.169611
6.105250
6.041561
5.978536
5.916169
5.854452
5.793379
5.732944
5.673138
5.613957
5.555393
5.497440
5.440091
5.383341
5.327183
5.271611
5.216618
5.162199
5.108348
5.055058
5.002325
4.950141
4.898502
4.847402
4.796835
4.746795
4.697277
4.648276
4.599786
4.551802
4.504319
4.457330
4.410832
4.364820
4.319287
4.274229
4.229641
4.185518
4.141856
4.098649
4.055892
4.013582
3.971713
3.930281
3.889282
3.848709
3.808561
3.768831
3.729515
3.690610
3.652110
3.614012
3.576311
3.539004
3.502086
3.465553
3.429402
3.393627
3.358225
3.323193
3.288527
3.254222
3.220274
3.186681
3.153439
3.120543
3.087990
3.055777
3.023900
2.992356
2.961140
2.930250
2.899683
2.869434
2.839501
2.809880
2.780569
2.751562
2.722859
2.694455
2.666347
2.638533
2.611008
2.583771
2.556818
2.530146
2.503752
2.477634
2.451788
2.426212
2.400902
2.375857
2.351073
2.326547
2.302278
2.278261
2.254495
2.230977
2.207704
2.184674
2.161884
2.139332
2.117016
2.094932
2.073078
2.051452
2.030052
2.008876
1.987920
1.967183
1.946662
1.926355
1.906260
1.886374
1.866696
1.847224
1.827954
1.808886
1.790016
1.771343
1.752865
1.734580
1.716486
1.698580
1.680861
1.663327
1.645976
1.628806
1.611815
1.595001
1.578363
1.561898
1.545605
1.529482
1.513527
1.497738
1.482115
1.466654
1.451354
1.436214
1.421233
1.406407
1.391736
1.377218
1.362851
1.348635
1.334566
1.320645
1.306868
1.293236
1.279745
1.266396
1.253185
1.240113
1.227176
1.214375
1.201707
1.189172
1.176767
1.164491
1.152344
1.140323
1.128428
1.116657
1.105008
1.093481
1.082075
1.070787
1.059617
1.048564
1.037626
1.026802
1.016091
1.005491
0.995003
0.984623
0.974352
0.964188
0.954130
0.944177
0.934328
0.924582
0.914937
0.905393
0.895948
0.886602
0.877354
0.868202
0.859145
0.850183
0.841314
0.832538
0.823854
0.815260
0.806755
0.798340
0.790012
0.781771
0.773616
0.765546
0.757560
0.749658
0.741838
0.734099
0.726442
0.718864
0.711365
0.703945
0.696602
0.689335
0.682144
0.675029
0.667987
0.661019
0.654124
0.647300
0.640548
0.633866
0.627254
0.620711
0.614236
0.607829
0.601488
0.595214
0.589005
0.582861
0.576781
0.570764
0.564810
0.558919
0.553088
0.547319
0.541610
0.535960
0.530369
0.524837
0.519362
0.513944
0.508583
0.503278
0.498028
0.492833
0.487692
0.482605
0.477571
0.472589
0.467659
0.462781
0.457954
0.453177
0.448449
0.443771
0.439142
0.434561
0.430028
0.425543
0.421104
0.416711
0.412364
0.408063
0.403806
0.399594
0.395426
0.391301
0.387219
0.383180
0.379183
0.375227
0.371313
0.367440
0.363607
0.359814
0.356061
0.352347
0.348671
0.345034
0.341435
0.337874
0.334349
0.330862
0.327410
0.323995
0.320615
0.317271
0.313961
0.310686
0.307445
0.304238
0.301065
0.297924
0.294817
0.291741
0.288698
0.285687
0.282707
0.279758
0.276839
0.273952
0.271094
0.268266
0.265468
0.262699
0.259958
0.257247
0.254563
0.251908
0.249280
0.246680
0.244107
0.241561
0.239041
0.236547
0.234080
0.231638
0.229222
0.226831
0.224465
0.222123
0.219806
0.217513
0.215245
0.212999
0.210777
0.208579
0.206403
0.204250
0.202120
0.200011
0.197925
0.195860
0.193817
0.191796
0.189795
0.187815
0.185856
0.183917
0.181999
0.180100
0.178222
0.176363
0.174523
0.172703
0.170901
0.169118
0.167354
0.165609
0.163881
0.162172
0.160480
0.158806
0.157150
0.155510
0.153888
0.152283
0.150694
0.149123
0.147567
0.146028
0.144505
0.142997
0.141506
0.140030
0.138569
0.137123
0.135693
0.134278
0.132877
0.131491
0.130119
0.128762
0.127419
0.126090
0.124775
0.123473
0.122185
0.120911
0.119649
0.118401
0.117166
0.115944
0.114735
0.113538
0.112354
0.111182
0.110022
0.108874
0.107739
0.106615
0.105503
0.104402
0.103313
0.102236
0.101169
0.100114
0.099070
0.098036
0.097014
0.096002
0.095000
0.094009
0.093029
0.092058
0.091098
0.090148
0.089207
0.088277
0.087356
0.086445
0.085543
0.084651
0.083768
0.082894
0.082029
0.081174
0.080327
0.079489
0.078660
0.077840
0.077028
0.076224
0.075429
0.074642
0.073864
0.073093
0.072331
0.071576
0.070830
0.070091
0.069360
0.068636
0.067920
0.067212
0.066511
0.065817
0.065131
0.064451
0.063779
0.063114
0.062455
0.061804
0.061159
0.060521
0.059890
0.059265
0.058647
0.058035
0.057430
0.056831
0.056238
0.055651
0.055071
0.054497
0.053928
0.053366
0.052809
0.052258
0.051713
0.051174
0.050640
0.050112
0.049589
0.049072
0.048560
0.048053
0.047552
0.047056
0.046565
0.046079
0.045599
0.045123
0.044653
0.044187
0.043726
0.043270
0.042818
0.042372
0.041930
0.041492
0.041060
0.040631
0.040208
0.039788
0.039373
0.038962
0.038556
0.038154
0.037756
0.037362
0.036972
0.036587
0.036205
0.035827
0.035454
0.035084
0.034718
0.034356
0.033997
0.033643
0.033292
0.032945
0.032601
0.032261
0.031924
0.031591
0.031262
0.030936
0.030613
0.030294
0.029978
0.029665
0.029356
0.029050
0.028747
0.028447
0.028150
0.027856
0.027566
0.027278
0.026994
0.026712
0.026434
0.026158
0.025885
0.025615
0.025348
0.025083
0.024822
0.024563
0.024307
0.024053
0.023802
0.023554
0.023308
0.023065
0.022825
0.022587
0.022351
0.022118
0.021887
0.021659
0.021433
0.021209
0.020988
0.020769
0.020553
0.020338
0.020126
0.019916
0.019708
0.019503
0.019299
0.019098
0.018899
0.018702
0.018507
0.018314
0.018123
0.017934
0.017746
0.017561
0.017378
0.017197
0.017018
0.016840
0.016664
0.016491
0.016319
0.016148
0.015980
0.015813
0.015648
0.015485
0.015324
0.015164
0.015006
0.014849
0.014694
0.014541
0.014389
0.014239
0.014091
0.013944
0.013798
0.013654
0.013512
0.013371
0.013231
0.013093
0.012957
0.012822
0.012688
0.012556
0.012425
0.012295
0.012167
0.012040
0.011914
0.011790
0.011667
0.011545
0.011425
0.011306
0.011188
0.011071
0.010956
0.010841
0.010728
0.010616
0.010506
0.010396
0.010288
0.010180
0.010074
0.009969
0.009865
0.009762
0.009660
0.009560
0.009460
0.009361
0.009264
0.009167
0.009071
0.008977
0.008883
0.008791
0.008699
0.008608
0.008518
0.008429
0.008342
0.008255
0.008168
0.008083
0.007999
0.007915
0.007833
0.007751
0.007670
0.007590
0.007511
0.007433
0.007355
0.007279
0.007203
0.007128
0.007053
0.006980
0.006907
0.006835
0.006764
0.006693
0.006623
0.006554
0.006486
0.006418
0.006351
0.006285
0.006219
0.006154
0.006090
0.006027
0.005964
0.005902
0.005840
0.005779
0.005719
0.005659
0.005600
0.005542
0.005484
0.005427
0.005370
0.005314
0.005259
0.005204
0.005150
0.005096
0.005043
0.004990
0.004938
0.004887
0.004836
0.004785
0.004735
0.004686
0.004637
0.004589
0.004541
0.004493
0.004447
0.004400
0.004354
0.004309
0.004264
0.004219
0.004175
0.004132
0.004089
0.004046
0.004004
0.003962
0.003921
0.003880
0.003839
0.003799
0.003760
0.003721
0.003682
0.003643
0.003605
0.003568
0.003531
0.003494
0.003457
0.003421
0.003386
0.003350
0.003315
0.003281
0.003247
0.003213
0.003179
0.003146
0.003113
0.003081
0.003049
0.003017
0.002985
0.002954
0.002923
0.002893
0.002863
0.002833
0.002803
0.002774
0.002745
0.002716
0.002688
0.002660
0.002632
0.002605
0.002578
0.002551
0.002524
0.002498
0.002472
0.002446
0.002421
0.002395
0.002370
0.002346
0.002321
0.002297
0.002273
0.002249
0.002226
0.002203
0.002180
0.002157
0.002134
0.002112
0.002090
0.002068
0.002047
0.002025
0.002004
0.001983
0.001963
0.001942
0.001922
0.001902
0.001882
0.001862
0.001843
0.001824
0.001805
0.001786
0.001767
0.001749
0.001731
0.001713
0.001695
0.001677
0.001659
0.001642
0.001625
0.001608
0.001591
0.001575
0.001558
0.001542
0.001526
0.001510
0.001494
0.001479
0.001463
0.001448
0.001433
0.001418
0.001403
0.001389
0.001374
0.001360
0.001346
0.001331
0.001318
0.001304
0.001290
0.001277
0.001263
0.001250
0.001237
0.001224
0.001212
0.001199
0.001186
0.001174
0.001162
0.001150
0.001138
0.001126
0.001114
0.001102
0.001091
0.001080
0.001068
0.001057
0.001046
0.001035
