18.274976
30.190488
34.003459
35.055110
35.167427
34.961905
34.650522
34.305562
33.951657
33.597182
33.244968
32.895956
32.550441
32.208498
31.870127
31.535305
31.203998
30.876171
30.551788
30.230813
29.913210
29.598944
29.287979
28.980282
28.675817
28.374551
28.076450
27.781481
27.489612
27.200808
26.915039
26.632272
26.352476
26.075619
25.801671
25.530602
25.262380
24.996976
24.734360
24.474504
24.217378
23.962953
23.711201
23.462094
23.215604
22.971704
22.730366
22.491564
22.255270
22.021459
21.790105
21.561181
21.334663
21.110524
20.888740
20.669286
20.452137
20.237270
20.024661
19.814285
19.606119
19.400141
19.196326
18.994653
18.795098
18.597640
18.402257
18.208926
18.017626
17.828336
17.641035
17.455702
17.272316
17.090856
16.911303
16.733636
16.557836
16.383883
16.211757
16.041440
15.872912
15.706154
15.541149
15.377877
15.216321
15.056461
14.898282
14.741764
14.586890
14.433644
14.282007
14.131964
13.983497
13.836590
13.691226
13.547389
13.405064
13.264234
13.124883
12.986996
12.850558
12.715554
12.581968
12.449785
12.318991
12.189571
12.061511
11.934796
11.809412
11.685346
11.562583
11.441110
11.320913
11.201979
11.084294
10.967846
10.852621
10.738606
10.625790
10.514159
10.403700
10.294402
10.186252
10.079239
9.973350
9.868573
9.764897
9.662310
9.560801
9.460358
9.360971
9.262628
9.165318
9.069030
8.973754
8.879479
8.786194
8.693889
8.602555
8.512179
8.422753
8.334267
8.246710
8.160073
8.074346
7.989520
7.905586
7.822532
7.740352
7.659035
7.578572
7.498954
7.420173
7.342220
7.265085
7.188761
7.113239
7.038510
6.964566
6.891399
6.819001
6.747364
6.676479
6.606338
6.536935
6.468261
6.400308
6.333069
6.266536
6.200703
6.135561
6.071103
6.007323
5.944213
5.881765
5.819974
5.758832
5.698332
5.638468
5.579233
5.520620
5.462623
5.405235
5.348451
5.292262
5.236664
5.181650
5.127214
5.073350
5.020052
4.967314
4.915130
4.863494
4.812400
4.761843
4.711818
4.662318
4.613338
4.564873
4.516916
4.469464
4.422510
4.376049
4.330077
4.284587
4.239576
4.195037
4.150966
4.107358
4.064208
4.021512
3.979264
3.937460
3.896095
3.855165
3.814665
3.774590
3.734936
3.695699
3.656874
3.618457
3.580443
3.542829
3.505610
3.468782
3.432341
3.396283
3.360604
3.325299
3.290365
3.255799
3.221595
3.187751
3.154262
3.121126
3.088337
3.055893
3.023789
2.992023
2.960591
2.929489
2.898713
2.868261
2.838129
2.808313
2.778811
2.749618
2.720732
2.692150
2.663868
2.635883
2.608192
2.580792
2.553680
2.526853
2.500307
2.474041
2.448050
2.422332
2.396885
2.371705
2.346789
2.322135
2.297741
2.273602
2.249717
2.226083
2.202697
2.179557
2.156660
2.134004
2.111585
2.089403
2.067453
2.045734
2.024242
2.002977
1.981935
1.961114
1.940512
1.920127
1.899955
1.879996
1.860246
1.840703
1.821366
1.802232
1.783299
1.764565
1.746028
1.727685
1.709536
1.691577
1.673806
1.656222
1.638823
1.621607
1.604572
1.587715
1.571036
1.554532
1.538201
1.522042
1.506052
1.490231
1.474576
1.459085
1.443757
1.428590
1.413582
1.398732
1.384038
1.369499
1.355112
1.340876
1.326790
1.312852
1.299060
1.285413
1.271909
1.258548
1.245326
1.232244
1.219299
1.206490
1.193816
1.181274
1.168865
1.156586
1.144436
1.132413
1.120517
1.108746
1.097098
1.085573
1.074169
1.062885
1.051719
1.040670
1.029738
1.018920
1.008216
0.997625
0.987145
0.976775
0.966513
0.956360
0.946313
0.936372
0.926536
0.916802
0.907171
0.897641
0.888211
0.878881
0.869648
0.860512
0.851472
0.842527
0.833677
0.824919
0.816253
0.807678
0.799193
0.790798
0.782490
0.774270
0.766136
0.758088
0.750124
0.742244
0.734447
0.726731
0.719097
0.711543
0.704068
0.696672
0.689353
0.682112
0.674946
0.667856
0.660840
0.653898
0.647028
0.640231
0.633506
0.626851
0.620266
0.613750
0.607302
0.600922
0.594610
0.588363
0.582183
0.576067
0.570015
0.564027
0.558102
0.552239
0.546438
0.540698
0.535017
0.529397
0.523836
0.518333
0.512888
0.507500
0.502169
0.496893
0.491674
0.486509
0.481398
0.476341
0.471337
0.466385
0.461486
0.456638
0.451841
0.447095
0.442398
0.437750
0.433152
0.428602
0.424099
0.419644
0.415236
0.410874
0.406558
0.402287
0.398061
0.393879
0.389741
0.385647
0.381596
0.377587
0.373621
0.369696
0.365812
0.361970
0.358167
0.354405
0.350682
0.346998
0.343352
0.339746
0.336177
0.332645
0.329151
0.325693
0.322272
0.318886
0.315536
0.312222
0.308942
0.305696
0.302485
0.299308
0.296163
0.293052
0.289974
0.286928
0.283913
0.280931
0.277980
0.275060
0.272170
0.269311
0.266482
0.263683
0.260913
0.258172
0.255460
0.252776
0.250121
0.247493
0.244894
0.242321
0.239776
0.237257
0.234764
0.232298
0.229858
0.227443
0.225054
0.222690
0.220351
0.218036
0.215745
0.213479
0.211237
0.209018
0.206822
0.204649
0.202499
0.200372
0.198267
0.196185
0.194124
0.192085
0.190067
0.188070
0.186094
0.184140
0.182205
0.180291
0.178397
0.176523
0.174669
0.172834
0.171019
0.169222
0.167444
0.165685
0.163945
0.162223
0.160519
0.158832
0.157164
0.155513
0.153879
0.152263
0.150663
0.149081
0.147515
0.145965
0.144432
0.142915
0.141413
0.139928
0.138458
0.137003
0.135564
0.134140
0.132731
0.131337
0.129957
0.128592
0.127241
0.125905
0.124582
0.123273
0.121978
0.120697
0.119429
0.118175
0.116933
0.115705
0.114489
0.113287
0.112097
0.110919
0.109754
0.108601
0.107460
0.106331
0.105214
0.104109
0.103016
0.101933
0.100863
0.099803
0.098755
0.097717
0.096691
0.095675
0.094670
0.093676
0.092692
0.091718
0.090754
0.089801
0.088858
0.087924
0.087001
0.086087
0.085183
0.084288
0.083402
0.082526
0.081659
0.080802
0.079953
0.079113
0.078282
0.077460
0.076646
0.075841
0.075044
0.074256
0.073476
0.072704
0.071940
0.071184
0.070437
0.069697
0.068965
0.068240
0.067523
0.066814
0.066112
0.065418
0.064731
0.064051
0.063378
0.062712
0.062053
0.061401
0.060756
0.060118
0.059487
0.058862
0.058244
0.057632
0.057026
0.056427
0.055835
0.055248
0.054668
0.054093
0.053525
0.052963
0.052407
0.051856
0.051311
0.050772
0.050239
0.049711
0.049189
0.048672
0.048161
0.047655
0.047155
0.046659
0.046169
0.045684
0.045204
0.044729
0.044260
0.043795
0.043335
0.042879
0.042429
0.041983
0.041542
0.041106
0.040674
0.040247
0.039824
0.039406
0.038992
0.038582
0.038177
0.037776
0.037379
0.036986
0.036598
0.036214
0.035833
0.035457
0.035084
0.034716
0.034351
0.033990
0.033633
0.033280
0.032930
0.032584
0.032242
0.031903
0.031568
0.031237
0.030909
0.030584
0.030263
0.029945
0.029630
0.029319
0.029011
0.028706
0.028405
0.028106
0.027811
0.027519
0.027230
0.026944
0.026661
0.026381
0.026104
0.025829
0.025558
0.025290
0.025024
0.024761
0.024501
0.024244
0.023989
0.023737
0.023488
0.023241
0.022997
0.022755
0.022516
0.022280
0.022046
0.021814
0.021585
0.021358
0.021134
0.020912
0.020692
0.020475
0.020260
0.020047
0.019836
0.019628
0.019422
0.019218
0.019016
0.018816
0.018619
0.018423
0.018229
0.018038
0.017849
0.017661
0.017476
0.017292
0.017110
0.016931
0.016753
0.016577
0.016403
0.016230
0.016060
0.015891
0.015724
0.015559
0.015396
0.015234
0.015074
0.014916
0.014759
0.014604
0.014450
0.014299
0.014148
0.014000
0.013853
0.013707
0.013563
0.013421
0.013280
0.013140
0.013002
0.012866
0.012731
0.012597
0.012465
0.012334
0.012204
0.012076
0.011949
0.011824
0.011699
0.011576
0.011455
0.011335
0.011215
0.011098
0.010981
0.010866
0.010752
0.010639
0.010527
0.010416
0.010307
0.010199
0.010092
0.009986
0.009881
0.009777
0.009674
0.009573
0.009472
0.009372
0.009274
0.009177
0.009080
0.008985
0.008890
0.008797
0.008705
0.008613
0.008523
0.008433
0.008345
0.008257
0.008170
0.008084
0.008000
0.007916
0.007832
0.007750
0.007669
0.007588
0.007508
0.007430
0.007352
0.007274
0.007198
0.007122
0.007047
0.006973
0.006900
0.006828
0.006756
0.006685
0.006615
0.006545
0.006477
0.006409
0.006341
0.006275
0.006209
0.006143
0.006079
0.006015
0.005952
0.005889
0.005828
0.005766
0.005706
0.005646
0.005587
0.005528
0.005470
0.005412
0.005355
0.005299
0.005244
0.005188
0.005134
0.005080
0.005027
0.004974
0.004922
0.004870
0.004819
0.004768
0.004718
0.004669
0.004619
0.004571
0.004523
0.004475
0.004428
0.004382
0.004336
0.004290
0.004245
0.004201
0.004157
0.004113
0.004070
0.004027
0.003985
0.003943
0.003901
0.003860
0.003820
0.003780
0.003740
0.003701
0.003662
0.003623
0.003585
0.003548
0.003510
0.003474
0.003437
0.003401
0.003365
0.003330
0.003295
0.003260
0.003226
0.003192
0.003159
0.003125
0.003093
0.003060
0.003028
0.002996
0.002965
0.002934
0.002903
0.002872
0.002842
0.002812
0.002783
0.002753
0.002725
0.002696
0.002668
0.002640
0.002612
0.002584
0.002557
0.002530
0.002504
0.002478
0.002452
0.002426
0.002400
0.002375
0.002350
0.002325
0.002301
0.002277
0.002253
0.002229
0.002206
0.002183
0.002160
0.002137
0.002115
0.002092
0.002070
0.002049
0.002027
0.002006
0.001985
0.001964
0.001943
0.001923
0.001903
0.001883
0.001863
0.001843
0.001824
0.001805
0.001786
0.001767
0.001749
0.001730
0.001712
0.001694
0.001676
0.001659
0.001641
0.001624
0.001607
0.001590
0.001573
0.001557
0.001540
0.001524
0.001508
0.001492
0.001477
0.001461
0.001446
0.001431
0.001416
0.001401
0.001386
0.001372
0.001357
0.001343
0.001329
0.001315
0.001301
0.001287
0.001274
0.001260
0.001247
0.001234
0.001221
0.001208
0.001196
0.001183
0.001171
0.001158
0.001146
0.001134
0.001122
0.001110
0.001099
0.001087
0.001076
0.001064
0.001053
0.001042
0.001031
0.001020
0.001010
0.000999
0.000989
0.000978
0.000968
