17.900004
29.821482
33.474692
34.425687
34.495234
34.278923
33.971561
33.636849
33.295599
32.954595
32.616032
32.280603
31.948511
31.619799
31.294456
30.972458
30.653771
30.338364
30.026201
29.717250
29.411479
29.108853
28.809342
28.512912
28.219533
27.929172
27.641799
27.357382
27.075893
26.797299
26.521573
26.248683
25.978602
25.711299
25.446747
25.184917
24.925781
24.669311
24.415480
24.164262
23.915628
23.669552
23.426009
23.184971
22.946413
22.710311
22.476637
22.245368
22.016479
21.789944
21.565741
21.343845
21.124231
20.906878
20.691761
20.478857
20.268144
20.059599
19.853201
19.648925
19.446752
19.246659
19.048625
18.852628
18.658648
18.466664
18.276656
18.088602
17.902484
17.718281
17.535973
17.355540
17.176965
17.000227
16.825307
16.652187
16.480849
16.311273
16.143442
15.977339
15.812944
15.650241
15.489212
15.329840
15.172107
15.015998
14.861495
14.708582
14.557242
14.407459
14.259218
14.112501
13.967295
13.823582
13.681349
13.540578
13.401256
13.263368
13.126899
12.991833
12.858158
12.725858
12.594919
12.465327
12.337069
12.210131
12.084498
11.960159
11.837099
11.715304
11.594764
11.475463
11.357390
11.240532
11.124876
11.010410
10.897122
10.785000
10.674032
10.564205
10.455508
10.347930
10.241458
10.136082
10.031791
9.928572
9.826415
9.725310
9.625245
9.526210
9.428193
9.331185
9.235175
9.140153
9.046109
8.953033
8.860914
8.769743
8.679510
8.590205
8.501820
8.414343
8.327767
8.242082
8.157278
8.073347
7.990280
7.908067
7.826700
7.746170
7.666469
7.587588
7.509519
7.432253
7.355782
7.280097
7.205192
7.131057
7.057685
6.985068
6.913198
6.842068
6.771669
6.701995
6.633038
6.564790
6.497244
6.430394
6.364231
6.298749
6.233941
6.169800
6.106318
6.043490
5.981308
5.919766
5.858858
5.798576
5.738914
5.679866
5.621426
5.563587
5.506343
5.449688
5.393616
5.338121
5.283197
5.228838
5.175038
5.121792
5.069094
5.016938
4.965319
4.914231
4.863668
4.813626
4.764098
4.715081
4.666567
4.618553
4.571033
4.524001
4.477454
4.431385
4.385791
4.340666
4.296005
4.251803
4.208056
4.164760
4.121909
4.079499
4.037525
3.995983
3.954868
3.914177
3.873904
3.834046
3.794597
3.755555
3.716914
3.678671
3.640821
3.603361
3.566286
3.529593
3.493277
3.457335
3.421763
3.386557
3.351712
3.317227
3.283096
3.249317
3.215885
3.182797
3.150049
3.117639
3.085562
3.053814
3.022394
2.991297
2.960520
2.930059
2.899912
2.870075
2.840545
2.811319
2.782394
2.753766
2.725433
2.697391
2.669638
2.642171
2.614986
2.588080
2.561452
2.535097
2.509014
2.483199
2.457650
2.432363
2.407337
2.382568
2.358055
2.333793
2.309781
2.286016
2.262495
2.239217
2.216178
2.193376
2.170809
2.148474
2.126368
2.104490
2.082838
2.061408
2.040198
2.019207
1.998432
1.977870
1.957520
1.937380
1.917446
1.897718
1.878193
1.858868
1.839743
1.820814
1.802080
1.783539
1.765188
1.747027
1.729052
1.711262
1.693655
1.676229
1.658983
1.641914
1.625021
1.608301
1.591754
1.575377
1.559168
1.543126
1.527249
1.511536
1.495984
1.480592
1.465359
1.450282
1.435360
1.420592
1.405976
1.391510
1.377193
1.363024
1.349000
1.335120
1.321384
1.307788
1.294333
1.281016
1.267836
1.254791
1.241881
1.229104
1.216458
1.203942
1.191555
1.179295
1.167162
1.155153
1.143268
1.131506
1.119864
1.108342
1.096938
1.085652
1.074482
1.063427
1.052486
1.041657
1.030940
1.020333
1.009835
0.999445
0.989162
0.978985
0.968913
0.958944
0.949078
0.939313
0.929649
0.920084
0.910617
0.901248
0.891976
0.882798
0.873716
0.864726
0.855829
0.847024
0.838309
0.829684
0.821148
0.812699
0.804338
0.796062
0.787872
0.779766
0.771743
0.763803
0.755944
0.748167
0.740469
0.732851
0.725311
0.717848
0.710462
0.703153
0.695918
0.688758
0.681672
0.674658
0.667717
0.660847
0.654048
0.647319
0.640659
0.634067
0.627544
0.621087
0.614697
0.608373
0.602113
0.595918
0.589787
0.583719
0.577714
0.571770
0.565887
0.560065
0.554303
0.548600
0.542955
0.537369
0.531840
0.526368
0.520953
0.515593
0.510288
0.505038
0.499842
0.494699
0.489610
0.484572
0.479587
0.474653
0.469769
0.464936
0.460152
0.455418
0.450732
0.446095
0.441505
0.436963
0.432467
0.428018
0.423614
0.419256
0.414942
0.410673
0.406448
0.402266
0.398127
0.394031
0.389977
0.385965
0.381994
0.378064
0.374174
0.370324
0.366514
0.362744
0.359011
0.355318
0.351662
0.348044
0.344463
0.340919
0.337412
0.333940
0.330504
0.327104
0.323739
0.320408
0.317111
0.313849
0.310620
0.307424
0.304261
0.301131
0.298033
0.294966
0.291931
0.288928
0.285955
0.283013
0.280102
0.277220
0.274368
0.271545
0.268751
0.265986
0.263249
0.260541
0.257860
0.255207
0.252582
0.249983
0.247411
0.244866
0.242346
0.239853
0.237385
0.234943
0.232526
0.230134
0.227766
0.225422
0.223103
0.220808
0.218536
0.216288
0.214062
0.211860
0.209680
0.207523
0.205388
0.203275
0.201184
0.199114
0.197065
0.195038
0.193031
0.191045
0.189080
0.187134
0.185209
0.183303
0.181418
0.179551
0.177704
0.175876
0.174066
0.172275
0.170503
0.168749
0.167012
0.165294
0.163594
0.161910
0.160245
0.158596
0.156964
0.155349
0.153751
0.152169
0.150604
0.149054
0.147521
0.146003
0.144501
0.143014
0.141543
0.140087
0.138645
0.137219
0.135807
0.134410
0.133027
0.131658
0.130304
0.128963
0.127637
0.126323
0.125024
0.123737
0.122464
0.121204
0.119957
0.118723
0.117502
0.116293
0.115097
0.113912
0.112740
0.111581
0.110433
0.109296
0.108172
0.107059
0.105958
0.104867
0.103789
0.102721
0.101664
0.100618
0.099583
0.098558
0.097544
0.096541
0.095547
0.094564
0.093592
0.092629
0.091676
0.090733
0.089799
0.088875
0.087961
0.087056
0.086160
0.085274
0.084396
0.083528
0.082669
0.081818
0.080977
0.080143
0.079319
0.078503
0.077695
0.076896
0.076105
0.075322
0.074547
0.073780
0.073021
0.072270
0.071526
0.070790
0.070062
0.069341
0.068628
0.067922
0.067223
0.066531
0.065847
0.065169
0.064499
0.063835
0.063179
0.062529
0.061885
0.061249
0.060618
0.059995
0.059378
0.058767
0.058162
0.057564
0.056971
0.056385
0.055805
0.055231
0.054663
0.054100
0.053544
0.052993
0.052448
0.051908
0.051374
0.050846
0.050323
0.049805
0.049292
0.048785
0.048283
0.047787
0.047295
0.046808
0.046327
0.045850
0.045379
0.044912
0.044450
0.043992
0.043540
0.043092
0.042648
0.042210
0.041775
0.041346
0.040920
0.040499
0.040083
0.039670
0.039262
0.038858
0.038458
0.038063
0.037671
0.037284
0.036900
0.036520
0.036145
0.035773
0.035405
0.035041
0.034680
0.034323
0.033970
0.033621
0.033275
0.032932
0.032594
0.032258
0.031926
0.031598
0.031273
0.030951
0.030633
0.030318
0.030006
0.029697
0.029391
0.029089
0.028790
0.028494
0.028200
0.027910
0.027623
0.027339
0.027058
0.026779
0.026504
0.026231
0.025961
0.025694
0.025430
0.025168
0.024909
0.024653
0.024399
0.024148
0.023900
0.023654
0.023411
0.023170
0.022932
0.022696
0.022462
0.022231
0.022002
0.021776
0.021552
0.021330
0.021111
0.020894
0.020679
0.020466
0.020255
0.020047
0.019841
0.019637
0.019435
0.019235
0.019037
0.018841
0.018647
0.018455
0.018265
0.018077
0.017891
0.017707
0.017525
0.017345
0.017167
0.016990
0.016815
0.016642
0.016471
0.016301
0.016134
0.015968
0.015803
0.015641
0.015480
0.015321
0.015163
0.015007
0.014853
0.014700
0.014549
0.014399
0.014251
0.014104
0.013959
0.013816
0.013673
0.013533
0.013394
0.013256
0.013119
0.012984
0.012851
0.012719
0.012588
0.012458
0.012330
0.012203
0.012078
0.011953
0.011830
0.011709
0.011588
0.011469
0.011351
0.011234
0.011119
0.011004
0.010891
0.010779
0.010668
0.010558
0.010450
0.010342
0.010236
0.010131
0.010026
0.009923
0.009821
0.009720
0.009620
0.009521
0.009423
0.009326
0.009230
0.009135
0.009041
0.008948
0.008856
0.008765
0.008675
0.008586
0.008497
0.008410
0.008323
0.008238
0.008153
0.008069
0.007986
0.007904
0.007823
0.007742
0.007663
0.007584
0.007506
0.007429
0.007352
0.007276
0.007202
0.007128
0.007054
0.006982
0.006910
0.006839
0.006768
0.006699
0.006630
0.006562
0.006494
0.006427
0.006361
0.006296
0.006231
0.006167
0.006103
0.006041
0.005978
0.005917
0.005856
0.005796
0.005736
0.005677
0.005619
0.005561
0.005504
0.005447
0.005391
0.005336
0.005281
0.005226
0.005173
0.005119
0.005067
0.005015
0.004963
0.004912
0.004862
0.004811
0.004762
0.004713
0.004665
0.004617
0.004569
0.004522
0.004476
0.004429
0.004384
0.004339
0.004294
0.004250
0.004206
0.004163
0.004120
0.004078
0.004036
0.003994
0.003953
0.003913
0.003872
0.003832
0.003793
0.003754
0.003715
0.003677
0.003639
0.003602
0.003565
0.003528
0.003492
0.003456
0.003420
0.003385
0.003350
0.003316
0.003282
0.003248
0.003215
0.003182
0.003149
0.003116
0.003084
0.003053
0.003021
0.002990
0.002959
0.002929
0.002899
0.002869
0.002839
0.002810
0.002781
0.002753
0.002724
0.002696
0.002669
0.002641
0.002614
0.002587
0.002560
0.002534
0.002508
0.002482
0.002457
0.002431
0.002406
0.002382
0.002357
0.002333
0.002309
0.002285
0.002262
0.002238
0.002215
0.002193
0.002170
0.002148
0.002126
0.002104
0.002082
0.002061
0.002039
0.002018
0.001998
0.001977
0.001957
0.001937
0.001917
0.001897
0.001878
0.001858
0.001839
0.001820
0.001801
0.001783
0.001765
0.001746
0.001728
0.001711
0.001693
0.001676
0.001658
0.001641
0.001624
0.001608
0.001591
0.001575
0.001559
0.001543
0.001527
0.001511
0.001495
0.001480
0.001465
0.001450
0.001435
0.001420
0.001405
0.001391
0.001377
0.001363
0.001349
0.001335
0.001321
0.001307
0.001294
0.001281
0.001267
0.001254
0.001241
0.001229
0.001216
0.001204
0.001191
0.001179
