18.023720
29.944984
33.651086
34.634713
34.717816
34.504726
34.195879
33.857737
33.512318
33.166902
32.823879
32.484017
32.147545
31.814515
31.484922
31.158738
30.835933
30.516471
30.200318
29.887441
29.577806
29.271378
28.968125
28.668014
28.371012
28.077087
27.786207
27.498341
27.213457
26.931525
26.652513
26.376392
26.103132
25.832703
25.565075
25.300221
25.038110
24.778715
24.522007
24.267958
24.016542
23.767730
23.521497
23.277814
23.036656
22.797996
22.561809
22.328068
22.096750
21.867828
21.641277
21.417074
21.195193
20.975611
20.758304
20.543249
20.330421
20.119799
19.911358
19.705077
19.500933
19.298904
19.098968
18.901103
18.705289
18.511503
18.319724
18.129933
17.942108
17.756228
17.572275
17.390227
17.210065
17.031770
16.855322
16.680702
16.507891
16.336871
16.167622
16.000126
15.834366
15.670323
15.507980
15.347319
15.188322
15.030972
14.875253
14.721146
14.568637
14.417707
14.268341
14.120522
13.974235
13.829464
13.686192
13.544404
13.404086
13.265221
13.127795
12.991792
12.857199
12.724000
12.592181
12.461728
12.332626
12.204861
12.078421
11.953290
11.829455
11.706904
11.585622
11.465597
11.346815
11.229263
11.112930
10.997802
10.883866
10.771111
10.659524
10.549093
10.439806
10.331652
10.224617
10.118692
10.013864
9.910122
9.807455
9.705852
9.605301
9.505792
9.407313
9.309855
9.213407
9.117958
9.023498
8.930016
8.837503
8.745948
8.655342
8.565674
8.476936
8.389116
8.302207
8.216198
8.131080
8.046844
7.963480
7.880980
7.799335
7.718536
7.638573
7.559440
7.481126
7.403623
7.326923
7.251018
7.175899
7.101559
7.027988
6.955180
6.883126
6.811819
6.741250
6.671412
6.602298
6.533900
6.466211
6.399223
6.332928
6.267321
6.202393
6.138138
6.074549
6.011618
5.949339
5.887706
5.826711
5.766348
5.706610
5.647491
5.588985
5.531085
5.473784
5.417078
5.360958
5.305421
5.250458
5.196065
5.142235
5.088963
5.036243
4.984069
4.932436
4.881338
4.830769
4.780723
4.731197
4.682183
4.633677
4.585674
4.538168
4.491154
4.444627
4.398582
4.353015
4.307919
4.263290
4.219124
4.175416
4.132160
4.089352
4.046988
4.005063
3.963572
3.922510
3.881875
3.841660
3.801862
3.762476
3.723498
3.684924
3.646750
3.608971
3.571583
3.534583
3.497966
3.461729
3.425866
3.390376
3.355253
3.320494
3.286095
3.252052
3.218362
3.185021
3.152026
3.119372
3.087057
3.055076
3.023427
2.992106
2.961109
2.930433
2.900075
2.870031
2.840299
2.810875
2.781755
2.752938
2.724418
2.696195
2.668263
2.640621
2.613266
2.586193
2.559402
2.532887
2.506648
2.480680
2.454981
2.429549
2.404380
2.379472
2.354822
2.330427
2.306285
2.282393
2.258748
2.235349
2.212192
2.189274
2.166595
2.144150
2.121937
2.099955
2.078201
2.056672
2.035365
2.014280
1.993413
1.972762
1.952326
1.932101
1.912085
1.892277
1.872674
1.853274
1.834075
1.815075
1.796272
1.777663
1.759248
1.741023
1.722987
1.705138
1.687473
1.669992
1.652692
1.635571
1.618627
1.601859
1.585265
1.568842
1.552590
1.536506
1.520589
1.504836
1.489247
1.473819
1.458551
1.443442
1.428488
1.413690
1.399045
1.384552
1.370209
1.356014
1.341967
1.328065
1.314307
1.300691
1.287217
1.273882
1.260685
1.247625
1.234701
1.221910
1.209252
1.196725
1.184327
1.172059
1.159917
1.147901
1.136009
1.124241
1.112594
1.101069
1.089662
1.078374
1.067203
1.056147
1.045206
1.034379
1.023663
1.013059
1.002564
0.992178
0.981900
0.971728
0.961662
0.951699
0.941840
0.932084
0.922428
0.912872
0.903415
0.894057
0.884795
0.875629
0.866558
0.857581
0.848697
0.839905
0.831204
0.822594
0.814072
0.805639
0.797293
0.789034
0.780860
0.772771
0.764765
0.756843
0.749003
0.741243
0.733565
0.725965
0.718445
0.711002
0.703637
0.696348
0.689134
0.681995
0.674930
0.667938
0.661019
0.654171
0.647395
0.640688
0.634051
0.627483
0.620983
0.614550
0.608183
0.601883
0.595648
0.589478
0.583371
0.577328
0.571347
0.565428
0.559571
0.553774
0.548038
0.542360
0.536742
0.531182
0.525679
0.520233
0.514844
0.509511
0.504233
0.499009
0.493840
0.488724
0.483661
0.478651
0.473693
0.468786
0.463929
0.459123
0.454367
0.449660
0.445002
0.440392
0.435830
0.431315
0.426847
0.422426
0.418050
0.413719
0.409433
0.405192
0.400994
0.396840
0.392729
0.388661
0.384635
0.380650
0.376707
0.372805
0.368943
0.365121
0.361339
0.357596
0.353891
0.350225
0.346597
0.343007
0.339453
0.335937
0.332457
0.329013
0.325605
0.322232
0.318894
0.315590
0.312321
0.309086
0.305884
0.302715
0.299579
0.296476
0.293405
0.290365
0.287357
0.284381
0.281435
0.278519
0.275634
0.272779
0.269953
0.267157
0.264389
0.261650
0.258940
0.256257
0.253603
0.250976
0.248376
0.245803
0.243257
0.240737
0.238243
0.235775
0.233333
0.230915
0.228523
0.226156
0.223813
0.221495
0.219200
0.216930
0.214683
0.212459
0.210258
0.208080
0.205924
0.203791
0.201680
0.199591
0.197523
0.195477
0.193452
0.191448
0.189465
0.187502
0.185560
0.183638
0.181735
0.179853
0.177990
0.176146
0.174321
0.172515
0.170728
0.168960
0.167210
0.165477
0.163763
0.162067
0.160388
0.158727
0.157082
0.155455
0.153845
0.152251
0.150674
0.149113
0.147568
0.146040
0.144527
0.143030
0.141548
0.140082
0.138631
0.137195
0.135773
0.134367
0.132975
0.131598
0.130234
0.128885
0.127550
0.126229
0.124921
0.123627
0.122347
0.121079
0.119825
0.118584
0.117355
0.116140
0.114937
0.113746
0.112568
0.111402
0.110248
0.109106
0.107975
0.106857
0.105750
0.104655
0.103570
0.102498
0.101436
0.100385
0.099345
0.098316
0.097298
0.096290
0.095292
0.094305
0.093328
0.092361
0.091405
0.090458
0.089521
0.088594
0.087676
0.086768
0.085869
0.084979
0.084099
0.083228
0.082366
0.081512
0.080668
0.079832
0.079005
0.078187
0.077377
0.076576
0.075782
0.074997
0.074220
0.073452
0.072691
0.071938
0.071193
0.070455
0.069725
0.069003
0.068288
0.067581
0.066881
0.066188
0.065502
0.064824
0.064152
0.063488
0.062830
0.062179
0.061535
0.060898
0.060267
0.059643
0.059025
0.058413
0.057808
0.057209
0.056617
0.056030
0.055450
0.054876
0.054307
0.053745
0.053188
0.052637
0.052092
0.051552
0.051018
0.050490
0.049967
0.049449
0.048937
0.048430
0.047928
0.047432
0.046940
0.046454
0.045973
0.045497
0.045025
0.044559
0.044097
0.043641
0.043189
0.042741
0.042298
0.041860
0.041427
0.040998
0.040573
0.040153
0.039737
0.039325
0.038918
0.038515
0.038116
0.037721
0.037330
0.036943
0.036561
0.036182
0.035807
0.035436
0.035069
0.034706
0.034346
0.033991
0.033638
0.033290
0.032945
0.032604
0.032266
0.031932
0.031601
0.031274
0.030950
0.030629
0.030312
0.029998
0.029687
0.029380
0.029075
0.028774
0.028476
0.028181
0.027889
0.027600
0.027315
0.027032
0.026752
0.026474
0.026200
0.025929
0.025660
0.025394
0.025131
0.024871
0.024613
0.024358
0.024106
0.023856
0.023609
0.023365
0.023123
0.022883
0.022646
0.022412
0.022179
0.021950
0.021722
0.021497
0.021275
0.021054
0.020836
0.020620
0.020407
0.020195
0.019986
0.019779
0.019574
0.019371
0.019171
0.018972
0.018776
0.018581
0.018389
0.018198
0.018010
0.017823
0.017639
0.017456
0.017275
0.017096
0.016919
0.016744
0.016570
0.016399
0.016229
0.016061
0.015894
0.015730
0.015567
0.015406
0.015246
0.015088
0.014932
0.014777
0.014624
0.014473
0.014323
0.014174
0.014027
0.013882
0.013738
0.013596
0.013455
0.013316
0.013178
0.013041
0.012906
0.012773
0.012640
0.012509
0.012380
0.012252
0.012125
0.011999
0.011875
0.011752
0.011630
0.011510
0.011390
0.011272
0.011156
0.011040
0.010926
0.010812
0.010700
0.010590
0.010480
0.010371
0.010264
0.010158
0.010052
0.009948
0.009845
0.009743
0.009642
0.009542
0.009444
0.009346
0.009249
0.009153
0.009058
0.008965
0.008872
0.008780
0.008689
0.008599
0.008510
0.008422
0.008334
0.008248
0.008163
0.008078
0.007994
0.007912
0.007830
0.007749
0.007668
0.007589
0.007510
0.007432
0.007355
0.007279
0.007204
0.007129
0.007055
0.006982
0.006910
0.006838
0.006768
0.006697
0.006628
0.006559
0.006492
0.006424
0.006358
0.006292
0.006227
0.006162
0.006098
0.006035
0.005973
0.005911
0.005850
0.005789
0.005729
0.005670
0.005611
0.005553
0.005495
0.005438
0.005382
0.005326
0.005271
0.005217
0.005163
0.005109
0.005056
0.005004
0.004952
0.004901
0.004850
0.004800
0.004750
0.004701
0.004652
0.004604
0.004556
0.004509
0.004462
0.004416
0.004370
0.004325
0.004280
0.004236
0.004192
0.004149
0.004106
0.004063
0.004021
0.003979
0.003938
0.003897
0.003857
0.003817
0.003777
0.003738
0.003700
0.003661
0.003623
0.003586
0.003549
0.003512
0.003476
0.003440
0.003404
0.003369
0.003334
0.003299
0.003265
0.003231
0.003198
0.003165
0.003132
0.003099
0.003067
0.003036
0.003004
0.002973
0.002942
0.002912
0.002882
0.002852
0.002822
0.002793
0.002764
0.002735
0.002707
0.002679
0.002651
0.002624
0.002597
0.002570
0.002543
0.002517
0.002491
0.002465
0.002439
0.002414
0.002389
0.002364
0.002340
0.002316
0.002292
0.002268
0.002244
0.002221
0.002198
0.002175
0.002153
0.002131
0.002108
0.002087
0.002065
0.002044
0.002022
0.002001
0.001981
0.001960
0.001940
0.001920
0.001900
0.001880
0.001861
0.001842
0.001822
0.001804
0.001785
0.001766
0.001748
0.001730
0.001712
0.001694
0.001677
0.001659
0.001642
0.001625
0.001608
0.001592
0.001575
0.001559
0.001543
0.001527
0.001511
0.001495
0.001480
0.001464
0.001449
0.001434
0.001419
0.001405
0.001390
0.001376
0.001362
0.001347
0.001333
0.001320
0.001306
0.001292
0.001279
0.001266
0.001253
0.001240
0.001227
0.001214
0.001202
0.001189
0.001177
0.001165
0.001153
0.001141
0.001129
0.001117
0.001106
