17.777547
29.697551
33.298267
34.217530
34.274184
34.054997
33.749246
33.417969
33.080835
32.744165
32.409974
32.078888
31.751085
31.426601
31.105422
30.787522
30.472871
30.161435
29.853182
29.548079
29.246094
28.947196
28.651353
28.358533
28.068706
27.781841
27.497908
27.216877
26.938718
26.663402
26.390899
26.121182
25.854221
25.589989
25.328457
25.069599
24.813385
24.559791
24.308788
24.060350
23.814452
23.571067
23.330169
23.091733
22.855734
22.622147
22.390948
22.162111
21.935613
21.711430
21.489538
21.269914
21.052534
20.837377
20.624418
20.413635
20.205007
19.998511
19.794126
19.591829
19.391600
19.193418
18.997260
18.803108
18.610940
18.420736
18.232475
18.046139
17.861707
17.679161
17.498479
17.319645
17.142638
16.967440
16.794033
16.622398
16.452517
16.284372
16.117946
15.953221
15.790179
15.628804
15.469078
15.310984
15.154506
14.999627
14.846331
14.694602
14.544424
14.395780
14.248656
14.103035
13.958902
13.816243
13.675041
13.535283
13.396953
13.260037
13.124520
12.990388
12.857627
12.726222
12.596161
12.467429
12.340013
12.213898
12.089073
11.965524
11.843237
11.722200
11.602400
11.483824
11.366460
11.250296
11.135318
11.021516
10.908877
10.797390
10.687041
10.577821
10.469716
10.362717
10.256811
10.151987
10.048235
9.945543
9.843900
9.743297
9.643721
9.545163
9.447613
9.351059
9.255492
9.160902
9.067279
8.974613
8.882893
8.792111
8.702257
8.613321
8.525294
8.438166
8.351929
8.266574
8.182090
8.098471
8.015705
7.933786
7.852704
7.772450
7.693017
7.614396
7.536578
7.459555
7.383320
7.307863
7.233178
7.159256
7.086090
7.013671
6.941992
6.871046
6.800826
6.731322
6.662529
6.594439
6.527045
6.460340
6.394317
6.328968
6.264287
6.200267
6.136902
6.074184
6.012107
5.950664
5.889850
5.829657
5.770079
5.711110
5.652743
5.594973
5.537794
5.481199
5.425182
5.369738
5.314861
5.260544
5.206782
5.153570
5.100902
5.048772
4.997174
4.946104
4.895556
4.845525
4.796005
4.746991
4.698478
4.650460
4.602934
4.555893
4.509333
4.463249
4.417635
4.372488
4.327803
4.283574
4.239797
4.196467
4.153580
4.111132
4.069117
4.027532
3.986372
3.945632
3.905309
3.865398
3.825894
3.786795
3.748095
3.709790
3.671877
3.634352
3.597210
3.560447
3.524061
3.488046
3.452399
3.417117
3.382195
3.347630
3.313418
3.279556
3.246040
3.212866
3.180032
3.147533
3.115366
3.083528
3.052015
3.020825
2.989953
2.959397
2.929153
2.899218
2.869589
2.840262
2.811236
2.782506
2.754070
2.725924
2.698066
2.670493
2.643201
2.616189
2.589452
2.562989
2.536796
2.510871
2.485211
2.459813
2.434674
2.409793
2.385166
2.360790
2.336664
2.312784
2.289148
2.265754
2.242599
2.219680
2.196996
2.174544
2.152321
2.130325
2.108554
2.087005
2.065677
2.044566
2.023672
2.002991
1.982521
1.962260
1.942207
1.922358
1.902713
1.883268
1.864021
1.844972
1.826117
1.807455
1.788984
1.770701
1.752605
1.734694
1.716966
1.699420
1.682052
1.664863
1.647848
1.631008
1.614340
1.597842
1.581513
1.565351
1.549353
1.533520
1.517848
1.502336
1.486983
1.471787
1.456746
1.441858
1.427123
1.412539
1.398103
1.383815
1.369673
1.355676
1.341822
1.328109
1.314536
1.301102
1.287806
1.274645
1.261619
1.248726
1.235964
1.223333
1.210831
1.198457
1.186210
1.174087
1.162089
1.150213
1.138458
1.126824
1.115308
1.103910
1.092629
1.081463
1.070411
1.059472
1.048644
1.037928
1.027321
1.016822
1.006431
0.996146
0.985966
0.975889
0.965916
0.956045
0.946275
0.936605
0.927033
0.917559
0.908182
0.898901
0.889715
0.880623
0.871623
0.862716
0.853899
0.845173
0.836536
0.827987
0.819525
0.811150
0.802861
0.794656
0.786535
0.778497
0.770541
0.762667
0.754873
0.747158
0.739523
0.731965
0.724485
0.717081
0.709753
0.702500
0.695321
0.688215
0.681182
0.674221
0.667330
0.660511
0.653761
0.647080
0.640467
0.633922
0.627443
0.621031
0.614685
0.608403
0.602186
0.596032
0.589941
0.583912
0.577945
0.572038
0.566193
0.560406
0.554679
0.549011
0.543400
0.537847
0.532351
0.526910
0.521526
0.516196
0.510921
0.505700
0.500532
0.495417
0.490354
0.485343
0.480383
0.475474
0.470615
0.465805
0.461045
0.456334
0.451670
0.447054
0.442486
0.437964
0.433488
0.429058
0.424674
0.420334
0.416038
0.411787
0.407578
0.403413
0.399291
0.395210
0.391171
0.387174
0.383217
0.379301
0.375425
0.371588
0.367791
0.364032
0.360312
0.356630
0.352986
0.349378
0.345808
0.342274
0.338776
0.335314
0.331888
0.328496
0.325139
0.321816
0.318528
0.315272
0.312051
0.308862
0.305705
0.302581
0.299489
0.296429
0.293399
0.290401
0.287433
0.284496
0.281589
0.278711
0.275863
0.273044
0.270253
0.267492
0.264758
0.262052
0.259375
0.256724
0.254100
0.251504
0.248934
0.246390
0.243872
0.241380
0.238913
0.236471
0.234055
0.231663
0.229296
0.226952
0.224633
0.222337
0.220065
0.217816
0.215591
0.213387
0.211207
0.209048
0.206912
0.204798
0.202705
0.200633
0.198583
0.196554
0.194545
0.192557
0.190589
0.188642
0.186714
0.184806
0.182917
0.181048
0.179198
0.177367
0.175554
0.173760
0.171984
0.170227
0.168487
0.166765
0.165061
0.163374
0.161705
0.160052
0.158417
0.156798
0.155196
0.153610
0.152040
0.150486
0.148948
0.147426
0.145920
0.144428
0.142953
0.141492
0.140046
0.138615
0.137198
0.135796
0.134408
0.133035
0.131675
0.130330
0.128998
0.127680
0.126375
0.125083
0.123805
0.122540
0.121288
0.120048
0.118822
0.117607
0.116405
0.115216
0.114039
0.112873
0.111720
0.110578
0.109448
0.108330
0.107223
0.106127
0.105042
0.103969
0.102906
0.101855
0.100814
0.099784
0.098764
0.097755
0.096756
0.095767
0.094788
0.093820
0.092861
0.091912
0.090973
0.090043
0.089123
0.088212
0.087311
0.086419
0.085536
0.084661
0.083796
0.082940
0.082092
0.081253
0.080423
0.079601
0.078788
0.077983
0.077186
0.076397
0.075616
0.074844
0.074079
0.073322
0.072573
0.071831
0.071097
0.070370
0.069651
0.068939
0.068235
0.067538
0.066848
0.066164
0.065488
0.064819
0.064157
0.063501
0.062852
0.062210
0.061574
0.060945
0.060322
0.059706
0.059096
0.058492
0.057894
0.057302
0.056717
0.056137
0.055564
0.054996
0.054434
0.053877
0.053327
0.052782
0.052243
0.051709
0.051180
0.050657
0.050140
0.049627
0.049120
0.048618
0.048121
0.047630
0.047143
0.046661
0.046184
0.045712
0.045245
0.044783
0.044325
0.043872
0.043424
0.042980
0.042541
0.042106
0.041676
0.041250
0.040829
0.040411
0.039998
0.039590
0.039185
0.038785
0.038388
0.037996
0.037608
0.037224
0.036843
0.036467
0.036094
0.035725
0.035360
0.034999
0.034641
0.034287
0.033937
0.033590
0.033247
0.032907
0.032571
0.032238
0.031908
0.031582
0.031260
0.030940
0.030624
0.030311
0.030001
0.029695
0.029391
0.029091
0.028794
0.028499
0.028208
0.027920
0.027635
0.027352
0.027073
0.026796
0.026522
0.026251
0.025983
0.025717
0.025455
0.025195
0.024937
0.024682
0.024430
0.024180
0.023933
0.023689
0.023447
0.023207
0.022970
0.022735
0.022503
0.022273
0.022045
0.021820
0.021597
0.021376
0.021158
0.020942
0.020728
0.020516
0.020306
0.020099
0.019893
0.019690
0.019489
0.019290
0.019093
0.018898
0.018704
0.018513
0.018324
0.018137
0.017952
0.017768
0.017587
0.017407
0.017229
0.017053
0.016879
0.016706
0.016535
0.016366
0.016199
0.016034
0.015870
0.015708
0.015547
0.015388
0.015231
0.015075
0.014921
0.014769
0.014618
0.014469
0.014321
0.014174
0.014030
0.013886
0.013744
0.013604
0.013465
0.013327
0.013191
0.013056
0.012923
0.012791
0.012660
0.012531
0.012403
0.012276
0.012150
0.012026
0.011903
0.011782
0.011661
0.011542
0.011424
0.011308
0.011192
0.011078
0.010964
0.010852
0.010741
0.010632
0.010523
0.010416
0.010309
0.010204
0.010099
0.009996
0.009894
0.009793
0.009693
0.009594
0.009496
0.009399
0.009303
0.009208
0.009114
0.009021
0.008928
0.008837
0.008747
0.008657
0.008569
0.008481
0.008395
0.008309
0.008224
0.008140
0.008057
0.007974
0.007893
0.007812
0.007733
0.007654
0.007575
0.007498
0.007421
0.007345
0.007270
0.007196
0.007123
0.007050
0.006978
0.006906
0.006836
0.006766
0.006697
0.006628
0.006561
0.006494
0.006427
0.006362
0.006297
0.006232
0.006169
0.006106
0.006043
0.005981
0.005920
0.005860
0.005800
0.005741
0.005682
0.005624
0.005566
0.005510
0.005453
0.005398
0.005342
0.005288
0.005234
0.005180
0.005127
0.005075
0.005023
0.004972
0.004921
0.004871
0.004821
0.004772
0.004723
0.004675
0.004627
0.004580
0.004533
0.004486
0.004441
0.004395
0.004350
0.004306
0.004262
0.004218
0.004175
0.004133
0.004090
0.004049
0.004007
0.003966
0.003926
0.003886
0.003846
0.003807
0.003768
0.003729
0.003691
0.003653
0.003616
0.003579
0.003542
0.003506
0.003470
0.003435
0.003400
0.003365
0.003331
0.003297
0.003263
0.003230
0.003197
0.003164
0.003132
0.003100
0.003068
0.003037
0.003006
0.002975
0.002945
0.002914
0.002885
0.002855
0.002826
0.002797
0.002769
0.002740
0.002712
0.002685
0.002657
0.002630
0.002603
0.002576
0.002550
0.002524
0.002498
0.002473
0.002447
0.002422
0.002398
0.002373
0.002349
0.002325
0.002301
0.002278
0.002254
0.002231
0.002209
0.002186
0.002164
0.002142
0.002120
0.002098
0.002077
0.002055
0.002034
0.002014
0.001993
0.001973
0.001952
0.001933
0.001913
0.001893
0.001874
0.001855
0.001836
0.001817
0.001798
0.001780
0.001762
0.001744
0.001726
0.001708
0.001691
0.001674
0.001657
0.001640
0.001623
0.001606
0.001590
0.001574
0.001558
0.001542
0.001526
0.001510
0.001495
0.001480
0.001464
0.001449
0.001435
0.001420
0.001405
0.001391
0.001377
0.001363
0.001349
0.001335
0.001321
0.001308
0.001295
0.001281
0.001268
0.001255
