17.656337
29.573243
33.121886
34.010300
34.054698
33.832958
33.528931
33.201090
32.868018
32.535605
32.205699
31.878868
31.555266
31.234923
30.917822
30.603938
30.293240
29.985696
29.681274
29.379943
29.081671
28.786427
28.494180
28.204901
27.918558
27.635123
27.354565
27.076855
26.801965
26.529866
26.260529
25.993926
25.730031
25.468814
25.210249
24.954309
24.700968
24.450199
24.201976
23.956272
23.713064
23.472324
23.234028
22.998152
22.764670
22.533559
22.304794
22.078352
21.854209
21.632341
21.412725
21.195340
20.980161
20.767167
20.556335
20.347643
20.141071
19.936595
19.734196
19.533851
19.335540
19.139243
18.944938
18.752606
18.562227
18.373780
18.187247
18.002607
17.819842
17.638933
17.459860
17.282605
17.107150
16.933475
16.761565
16.591399
16.422961
16.256233
16.091198
15.927838
15.766136
15.606077
15.447642
15.290816
15.135582
14.981923
14.829825
14.679271
14.530246
14.382733
14.236718
14.092186
13.949120
13.807507
13.667332
13.528580
13.391237
13.255288
13.120719
12.987516
12.855666
12.725154
12.595967
12.468092
12.341515
12.216223
12.092203
11.969442
11.847927
11.727646
11.608587
11.490736
11.374081
11.258611
11.144312
11.031175
10.919186
10.808333
10.698607
10.589994
10.482484
10.376065
10.270727
10.166458
10.063248
9.961085
9.859960
9.759861
9.660779
9.562702
9.465622
9.369526
9.274407
9.180253
9.087054
8.994803
8.903487
8.813099
8.723628
8.635066
8.547402
8.460629
8.374737
8.289716
8.205559
8.122256
8.039799
7.958179
7.877388
7.797417
7.718257
7.639902
7.562341
7.485569
7.409575
7.334353
7.259895
7.186193
7.113239
7.041025
6.969545
6.898790
6.828754
6.759429
6.690807
6.622883
6.555647
6.489095
6.423218
6.358009
6.293463
6.229572
6.166330
6.103730
6.041765
5.980429
5.919716
5.859620
5.800133
5.741251
5.682966
5.625273
5.568165
5.511638
5.455684
5.400298
5.345475
5.291208
5.237492
5.184321
5.131691
5.079594
5.028026
4.976982
4.926456
4.876444
4.826938
4.777936
4.729431
4.681418
4.633893
4.586850
4.540285
4.494192
4.448568
4.403406
4.358703
4.314454
4.270654
4.227299
4.184384
4.141905
4.099857
4.058235
4.017037
3.976256
3.935890
3.895933
3.856382
3.817233
3.778481
3.740122
3.702153
3.664569
3.627367
3.590543
3.554092
3.518011
3.482297
3.446945
3.411952
3.377315
3.343029
3.309091
3.275498
3.242245
3.209331
3.176750
3.144500
3.112578
3.080979
3.049702
3.018742
2.988096
2.957762
2.927735
2.898013
2.868593
2.839472
2.810646
2.782113
2.753869
2.725912
2.698240
2.670848
2.643734
2.616895
2.590329
2.564032
2.538003
2.512238
2.486734
2.461489
2.436501
2.411766
2.387282
2.363047
2.339058
2.315312
2.291808
2.268542
2.245512
2.222716
2.200152
2.177816
2.155708
2.133823
2.112161
2.090719
2.069495
2.048486
2.027690
2.007105
1.986730
1.966561
1.946597
1.926836
1.907275
1.887913
1.868747
1.849776
1.830998
1.812410
1.794011
1.775799
1.757771
1.739927
1.722263
1.704780
1.687473
1.670342
1.653386
1.636601
1.619987
1.603541
1.587262
1.571149
1.555199
1.539411
1.523783
1.508314
1.493002
1.477846
1.462843
1.447993
1.433293
1.418743
1.404340
1.390084
1.375972
1.362004
1.348177
1.334491
1.320944
1.307534
1.294260
1.281121
1.268116
1.255242
1.242500
1.229886
1.217401
1.205042
1.192809
1.180700
1.168714
1.156850
1.145106
1.133481
1.121974
1.110584
1.099310
1.088150
1.077104
1.066169
1.055346
1.044633
1.034028
1.023531
1.013140
1.002855
0.992675
0.982597
0.972623
0.962749
0.952975
0.943301
0.933725
0.924246
0.914864
0.905576
0.896383
0.887284
0.878276
0.869360
0.860535
0.851799
0.843152
0.834593
0.826120
0.817734
0.809433
0.801216
0.793082
0.785031
0.777062
0.769173
0.761365
0.753636
0.745985
0.738412
0.730916
0.723496
0.716152
0.708882
0.701685
0.694562
0.687511
0.680532
0.673624
0.666785
0.660016
0.653316
0.646684
0.640119
0.633621
0.627189
0.620822
0.614520
0.608281
0.602106
0.595994
0.589944
0.583955
0.578027
0.572159
0.566351
0.560601
0.554910
0.549277
0.543701
0.538182
0.532718
0.527311
0.521958
0.516659
0.511414
0.506222
0.501084
0.495997
0.490962
0.485978
0.481044
0.476161
0.471327
0.466543
0.461806
0.457118
0.452478
0.447885
0.443338
0.438837
0.434383
0.429973
0.425608
0.421288
0.417011
0.412778
0.408587
0.404440
0.400334
0.396270
0.392247
0.388265
0.384324
0.380422
0.376561
0.372738
0.368954
0.365209
0.361501
0.357832
0.354199
0.350603
0.347044
0.343521
0.340034
0.336582
0.333166
0.329783
0.326436
0.323122
0.319842
0.316595
0.313381
0.310200
0.307051
0.303934
0.300848
0.297794
0.294771
0.291779
0.288817
0.285885
0.282983
0.280110
0.277267
0.274452
0.271666
0.268908
0.266179
0.263476
0.260802
0.258154
0.255534
0.252940
0.250372
0.247830
0.245315
0.242824
0.240359
0.237919
0.235504
0.233113
0.230747
0.228405
0.226086
0.223791
0.221519
0.219270
0.217045
0.214841
0.212660
0.210501
0.208365
0.206249
0.204156
0.202083
0.200032
0.198001
0.195991
0.194002
0.192032
0.190083
0.188153
0.186243
0.184353
0.182481
0.180629
0.178795
0.176980
0.175184
0.173405
0.171645
0.169903
0.168178
0.166471
0.164781
0.163108
0.161452
0.159813
0.158191
0.156585
0.154996
0.153422
0.151865
0.150323
0.148797
0.147287
0.145792
0.144312
0.142847
0.141397
0.139961
0.138540
0.137134
0.135742
0.134364
0.133000
0.131650
0.130314
0.128991
0.127681
0.126385
0.125102
0.123832
0.122575
0.121331
0.120099
0.118880
0.117673
0.116479
0.115296
0.114126
0.112967
0.111821
0.110686
0.109562
0.108450
0.107349
0.106259
0.105181
0.104113
0.103056
0.102010
0.100974
0.099949
0.098935
0.097930
0.096936
0.095952
0.094978
0.094014
0.093060
0.092115
0.091180
0.090254
0.089338
0.088431
0.087534
0.086645
0.085765
0.084895
0.084033
0.083180
0.082336
0.081500
0.080673
0.079854
0.079043
0.078241
0.077446
0.076660
0.075882
0.075112
0.074349
0.073595
0.072847
0.072108
0.071376
0.070651
0.069934
0.069224
0.068522
0.067826
0.067138
0.066456
0.065781
0.065114
0.064453
0.063798
0.063151
0.062510
0.061875
0.061247
0.060625
0.060010
0.059401
0.058798
0.058201
0.057610
0.057025
0.056446
0.055873
0.055306
0.054745
0.054189
0.053639
0.053095
0.052556
0.052022
0.051494
0.050971
0.050454
0.049942
0.049435
0.048933
0.048436
0.047945
0.047458
0.046976
0.046499
0.046027
0.045560
0.045098
0.044640
0.044187
0.043738
0.043294
0.042855
0.042420
0.041989
0.041563
0.041141
0.040723
0.040310
0.039901
0.039496
0.039095
0.038698
0.038305
0.037916
0.037531
0.037150
0.036773
0.036400
0.036030
0.035665
0.035303
0.034944
0.034590
0.034238
0.033891
0.033547
0.033206
0.032869
0.032536
0.032205
0.031878
0.031555
0.031235
0.030917
0.030604
0.030293
0.029985
0.029681
0.029380
0.029082
0.028786
0.028494
0.028205
0.027919
0.027635
0.027355
0.027077
0.026802
0.026530
0.026261
0.025994
0.025730
0.025469
0.025211
0.024955
0.024701
0.024451
0.024202
0.023957
0.023714
0.023473
0.023235
0.022999
0.022765
0.022534
0.022305
0.022079
0.021855
0.021633
0.021413
0.021196
0.020981
0.020768
0.020557
0.020348
0.020142
0.019937
0.019735
0.019535
0.019336
0.019140
0.018946
0.018754
0.018563
0.018375
0.018188
0.018004
0.017821
0.017640
0.017461
0.017284
0.017108
0.016935
0.016763
0.016592
0.016424
0.016257
0.016092
0.015929
0.015767
0.015607
0.015449
0.015292
0.015137
0.014983
0.014831
0.014680
0.014531
0.014384
0.014238
0.014093
0.013950
0.013809
0.013669
0.013530
0.013392
0.013257
0.013122
0.012989
0.012857
0.012726
0.012597
0.012469
0.012343
0.012217
0.012093
0.011971
0.011849
0.011729
0.011610
0.011492
0.011375
0.011260
0.011146
0.011032
0.010920
0.010810
0.010700
0.010591
0.010484
0.010377
0.010272
0.010168
0.010065
0.009962
0.009861
0.009761
0.009662
0.009564
0.009467
0.009371
0.009276
0.009182
0.009088
0.008996
0.008905
0.008814
0.008725
0.008636
0.008549
0.008462
0.008376
0.008291
0.008207
0.008123
0.008041
0.007959
0.007879
0.007799
0.007719
0.007641
0.007564
0.007487
0.007411
0.007336
0.007261
0.007187
0.007114
0.007042
0.006971
0.006900
0.006830
0.006761
0.006692
0.006624
0.006557
0.006490
0.006424
0.006359
0.006295
0.006231
0.006167
0.006105
0.006043
0.005982
0.005921
0.005861
0.005801
0.005742
0.005684
0.005626
0.005569
0.005513
0.005457
0.005401
0.005347
0.005292
0.005239
0.005185
0.005133
0.005081
0.005029
0.004978
0.004927
0.004877
0.004828
0.004779
0.004730
0.004682
0.004635
0.004588
0.004541
0.004495
0.004450
0.004404
0.004360
0.004315
0.004272
0.004228
0.004185
0.004143
0.004101
0.004059
0.004018
0.003977
0.003937
0.003897
0.003857
0.003818
0.003779
0.003741
0.003703
0.003665
0.003628
0.003591
0.003555
0.003519
0.003483
0.003448
0.003413
0.003378
0.003344
0.003310
0.003276
0.003243
0.003210
0.003178
0.003145
0.003113
0.003082
0.003050
0.003020
0.002989
0.002959
0.002929
0.002899
0.002869
0.002840
0.002811
0.002783
0.002755
0.002727
0.002699
0.002672
0.002644
0.002618
0.002591
0.002565
0.002539
0.002513
0.002487
0.002462
0.002437
0.002412
0.002388
0.002364
0.002340
0.002316
0.002292
0.002269
0.002246
0.002223
0.002201
0.002178
0.002156
0.002134
0.002113
0.002091
0.002070
0.002049
0.002028
0.002008
0.001987
0.001967
0.001947
0.001927
0.001908
0.001888
0.001869
0.001850
0.001832
0.001813
0.001795
0.001776
0.001758
0.001740
0.001723
0.001705
0.001688
0.001671
0.001654
0.001637
0.001620
0.001604
0.001588
0.001572
0.001556
0.001540
0.001524
0.001509
0.001493
0.001478
0.001463
0.001448
0.001434
0.001419
0.001405
0.001390
0.001376
0.001362
0.001349
0.001335
