17.536362
29.448607
32.945623
33.804053
33.836805
33.612815
33.310612
32.986201
32.657137
32.328904
32.003201
31.680538
31.361052
31.044765
30.731660
30.421710
30.114886
29.811156
29.510490
29.212856
28.918224
28.626563
28.337845
28.052038
27.769113
27.489043
27.211797
26.937347
26.665666
26.396724
26.130495
25.866951
25.606066
25.347811
25.092161
24.839090
24.588571
24.340579
24.095088
23.852073
23.611509
23.373371
23.137635
22.904277
22.673272
22.444598
22.218229
21.994144
21.772319
21.552731
21.335357
21.120177
20.907166
20.696304
20.487568
20.280938
20.076392
19.873909
19.673468
19.475049
19.278631
19.084193
18.891717
18.701183
18.512570
18.325859
18.141031
17.958068
17.776950
17.597658
17.420175
17.244482
17.070561
16.898394
16.727963
16.559252
16.392242
16.226916
16.063258
15.901251
15.740877
15.582121
15.424966
15.269396
15.115396
14.962948
14.812038
14.662650
14.514769
14.368379
14.223465
14.080014
13.938009
13.797436
13.658281
13.520529
13.384167
13.249180
13.115555
12.983277
12.852334
12.722711
12.594395
12.467374
12.341633
12.217161
12.093944
11.971970
11.851227
11.731701
11.613380
11.496253
11.380307
11.265530
11.151912
11.039439
10.928100
10.817884
10.708780
10.600777
10.493862
10.388026
10.283258
10.179546
10.076880
9.975249
9.874644
9.775053
9.676466
9.578874
9.482267
9.386633
9.291964
9.198250
9.105481
9.013648
8.922741
8.832751
8.743668
8.655484
8.568189
8.481775
8.396232
8.311552
8.227726
8.144745
8.062602
7.981287
7.900791
7.821108
7.742229
7.664145
7.586848
7.510331
7.434586
7.359605
7.285380
7.211904
7.139168
7.067167
6.995891
6.925334
6.855489
6.786348
6.717905
6.650152
6.583082
6.516689
6.450965
6.385905
6.321500
6.257745
6.194633
6.132157
6.070312
6.009090
5.948486
5.888493
5.829105
5.770316
5.712120
5.654511
5.597483
5.541030
5.485146
5.429827
5.375064
5.320855
5.267192
5.214070
5.161484
5.109429
5.057898
5.006887
4.956391
4.906403
4.856920
4.807937
4.759447
4.711446
4.663929
4.616892
4.570328
4.524235
4.478606
4.433438
4.388725
4.344463
4.300648
4.257274
4.214338
4.171835
4.129760
4.088110
4.046880
4.006066
3.965663
3.925668
3.886077
3.846884
3.808087
3.769681
3.731663
3.694027
3.656772
3.619892
3.583384
3.547245
3.511470
3.476055
3.440998
3.406294
3.371941
3.337934
3.304270
3.270945
3.237957
3.205301
3.172974
3.140974
3.109296
3.077938
3.046896
3.016167
2.985748
2.955636
2.925827
2.896320
2.867109
2.838194
2.809570
2.781234
2.753185
2.725418
2.697932
2.670722
2.643787
2.617124
2.590729
2.564601
2.538736
2.513133
2.487787
2.462697
2.437860
2.413274
2.388935
2.364842
2.340992
2.317382
2.294011
2.270875
2.247973
2.225302
2.202859
2.180642
2.158650
2.136880
2.115329
2.093995
2.072877
2.051971
2.031277
2.010791
1.990511
1.970437
1.950564
1.930892
1.911419
1.892142
1.873059
1.854169
1.835469
1.816958
1.798634
1.780494
1.762537
1.744762
1.727166
1.709747
1.692504
1.675434
1.658537
1.641811
1.625253
1.608862
1.592636
1.576574
1.560674
1.544934
1.529353
1.513929
1.498661
1.483547
1.468585
1.453774
1.439112
1.424599
1.410231
1.396009
1.381930
1.367993
1.354197
1.340539
1.327020
1.313637
1.300388
1.287274
1.274291
1.261440
1.248718
1.236125
1.223658
1.211317
1.199101
1.187008
1.175037
1.163186
1.151455
1.139843
1.128347
1.116968
1.105703
1.094552
1.083513
1.072586
1.061769
1.051061
1.040461
1.029967
1.019580
1.009297
0.999119
0.989042
0.979068
0.969194
0.959419
0.949743
0.940165
0.930684
0.921298
0.912006
0.902808
0.893704
0.884690
0.875768
0.866936
0.858193
0.849538
0.840970
0.832489
0.824093
0.815782
0.807555
0.799411
0.791349
0.783368
0.775468
0.767647
0.759905
0.752241
0.744655
0.737145
0.729711
0.722352
0.715067
0.707855
0.700717
0.693650
0.686654
0.679729
0.672874
0.666088
0.659371
0.652721
0.646138
0.639622
0.633171
0.626786
0.620465
0.614207
0.608013
0.601881
0.595811
0.589802
0.583854
0.577966
0.572137
0.566367
0.560655
0.555001
0.549404
0.543863
0.538378
0.532949
0.527574
0.522253
0.516987
0.511773
0.506611
0.501502
0.496445
0.491438
0.486482
0.481576
0.476719
0.471911
0.467152
0.462441
0.457777
0.453160
0.448590
0.444066
0.439588
0.435155
0.430766
0.426422
0.422121
0.417864
0.413650
0.409479
0.405349
0.401261
0.397214
0.393209
0.389243
0.385318
0.381432
0.377585
0.373777
0.370007
0.366276
0.362582
0.358925
0.355306
0.351722
0.348175
0.344664
0.341188
0.337747
0.334341
0.330969
0.327632
0.324327
0.321057
0.317819
0.314614
0.311441
0.308300
0.305191
0.302113
0.299066
0.296050
0.293064
0.290109
0.287183
0.284287
0.281420
0.278582
0.275772
0.272991
0.270238
0.267513
0.264815
0.262144
0.259501
0.256884
0.254293
0.251728
0.249190
0.246677
0.244189
0.241726
0.239289
0.236875
0.234487
0.232122
0.229781
0.227464
0.225170
0.222899
0.220651
0.218426
0.216223
0.214042
0.211884
0.209747
0.207632
0.205538
0.203465
0.201413
0.199382
0.197371
0.195381
0.193410
0.191460
0.189529
0.187618
0.185725
0.183852
0.181998
0.180163
0.178346
0.176547
0.174767
0.173004
0.171260
0.169533
0.167823
0.166130
0.164455
0.162797
0.161155
0.159530
0.157921
0.156328
0.154752
0.153191
0.151646
0.150117
0.148603
0.147104
0.145621
0.144152
0.142698
0.141259
0.139835
0.138425
0.137029
0.135647
0.134279
0.132925
0.131584
0.130257
0.128943
0.127643
0.126356
0.125082
0.123820
0.122571
0.121335
0.120112
0.118900
0.117701
0.116514
0.115339
0.114176
0.113025
0.111885
0.110757
0.109640
0.108534
0.107439
0.106356
0.105283
0.104222
0.103171
0.102130
0.101100
0.100081
0.099071
0.098072
0.097083
0.096104
0.095135
0.094176
0.093226
0.092286
0.091355
0.090434
0.089522
0.088619
0.087725
0.086840
0.085965
0.085098
0.084240
0.083390
0.082549
0.081717
0.080893
0.080077
0.079269
0.078470
0.077678
0.076895
0.076120
0.075352
0.074592
0.073840
0.073095
0.072358
0.071628
0.070906
0.070191
0.069483
0.068782
0.068089
0.067402
0.066722
0.066050
0.065383
0.064724
0.064071
0.063425
0.062786
0.062152
0.061526
0.060905
0.060291
0.059683
0.059081
0.058485
0.057895
0.057312
0.056734
0.056161
0.055595
0.055034
0.054479
0.053930
0.053386
0.052848
0.052315
0.051787
0.051265
0.050748
0.050236
0.049730
0.049228
0.048732
0.048240
0.047754
0.047272
0.046795
0.046324
0.045856
0.045394
0.044936
0.044483
0.044034
0.043590
0.043151
0.042716
0.042285
0.041858
0.041436
0.041018
0.040605
0.040195
0.039790
0.039389
0.038991
0.038598
0.038209
0.037824
0.037442
0.037065
0.036691
0.036321
0.035955
0.035592
0.035233
0.034878
0.034526
0.034178
0.033833
0.033492
0.033154
0.032820
0.032489
0.032161
0.031837
0.031516
0.031198
0.030883
0.030572
0.030264
0.029959
0.029656
0.029357
0.029061
0.028768
0.028478
0.028191
0.027907
0.027625
0.027347
0.027071
0.026798
0.026528
0.026260
0.025995
0.025733
0.025474
0.025217
0.024962
0.024711
0.024461
0.024215
0.023971
0.023729
0.023490
0.023253
0.023018
0.022786
0.022556
0.022329
0.022104
0.021881
0.021660
0.021442
0.021225
0.021011
0.020800
0.020590
0.020382
0.020177
0.019973
0.019772
0.019572
0.019375
0.019180
0.018986
0.018795
0.018605
0.018418
0.018232
0.018048
0.017866
0.017686
0.017507
0.017331
0.017156
0.016983
0.016812
0.016642
0.016474
0.016308
0.016144
0.015981
0.015820
0.015660
0.015502
0.015346
0.015191
0.015038
0.014886
0.014736
0.014588
0.014441
0.014295
0.014151
0.014008
0.013867
0.013727
0.013589
0.013452
0.013316
0.013182
0.013049
0.012917
0.012787
0.012658
0.012530
0.012404
0.012279
0.012155
0.012032
0.011911
0.011791
0.011672
0.011554
0.011438
0.011323
0.011208
0.011095
0.010983
0.010873
0.010763
0.010654
0.010547
0.010441
0.010335
0.010231
0.010128
0.010026
0.009925
0.009825
0.009726
0.009628
0.009530
0.009434
0.009339
0.009245
0.009152
0.009059
0.008968
0.008878
0.008788
0.008700
0.008612
0.008525
0.008439
0.008354
0.008270
0.008186
0.008104
0.008022
0.007941
0.007861
0.007782
0.007703
0.007626
0.007549
0.007473
0.007397
0.007323
0.007249
0.007176
0.007103
0.007032
0.006961
0.006891
0.006821
0.006752
0.006684
0.006617
0.006550
0.006484
0.006419
0.006354
0.006290
0.006226
0.006164
0.006101
0.006040
0.005979
0.005919
0.005859
0.005800
0.005741
0.005684
0.005626
0.005570
0.005513
0.005458
0.005403
0.005348
0.005294
0.005241
0.005188
0.005136
0.005084
0.005033
0.004982
0.004932
0.004882
0.004833
0.004784
0.004736
0.004688
0.004641
0.004594
0.004548
0.004502
0.004456
0.004411
0.004367
0.004323
0.004279
0.004236
0.004193
0.004151
0.004109
0.004068
0.004027
0.003986
0.003946
0.003906
0.003867
0.003828
0.003789
0.003751
0.003713
0.003676
0.003639
0.003602
0.003566
0.003530
0.003494
0.003459
0.003424
0.003389
0.003355
0.003321
0.003288
0.003255
0.003222
0.003189
0.003157
0.003125
0.003094
0.003063
0.003032
0.003001
0.002971
0.002941
0.002911
0.002882
0.002853
0.002824
0.002796
0.002768
0.002740
0.002712
0.002685
0.002658
0.002631
0.002604
0.002578
0.002552
0.002526
0.002501
0.002476
0.002451
0.002426
0.002401
0.002377
0.002353
0.002329
0.002306
0.002283
0.002260
0.002237
0.002214
0.002192
0.002170
0.002148
0.002126
0.002105
0.002084
0.002063
0.002042
0.002021
0.002001
0.001981
0.001961
0.001941
0.001921
0.001902
0.001883
0.001864
0.001845
0.001826
0.001808
0.001790
0.001772
0.001754
0.001736
0.001719
0.001701
0.001684
0.001667
0.001650
0.001634
0.001617
0.001601
0.001585
0.001569
0.001553
0.001537
0.001522
0.001506
0.001491
0.001476
0.001461
0.001447
0.001432
0.001418
