17.417610
29.323691
32.769543
33.598839
33.620530
33.394572
33.094284
32.773294
32.448181
32.124054
31.802471
31.483892
31.168439
30.856126
30.546936
30.240842
29.937815
29.637824
29.340840
29.046831
28.755768
28.467622
28.182364
27.899964
27.620393
27.343625
27.069629
26.798379
26.529848
26.264007
26.000830
25.740290
25.482361
25.227017
24.974231
24.723978
24.476233
24.230971
23.988166
23.747794
23.509831
23.274253
23.041035
22.810154
22.581587
22.355310
22.131300
21.909536
21.689993
21.472650
21.257486
21.044477
20.833603
20.624842
20.418172
20.213574
20.011026
19.810508
19.611999
19.415479
19.220928
19.028327
18.837655
18.648895
18.462026
18.277029
18.093886
17.912579
17.733088
17.555396
17.379484
17.205335
17.032931
16.862255
16.693289
16.526016
16.360419
16.196482
16.034187
15.873519
15.714461
15.556996
15.401109
15.246785
15.094007
14.942759
14.793028
14.644797
14.498051
14.352775
14.208955
14.066577
13.925625
13.786086
13.647944
13.511187
13.375801
13.241771
13.109084
12.977727
12.847686
12.718948
12.591500
12.465329
12.340422
12.216767
12.094351
11.973162
11.853187
11.734415
11.616832
11.500428
11.385190
11.271107
11.158167
11.046359
10.935671
10.826093
10.717612
10.610218
10.503901
10.398649
10.294451
10.191298
10.089178
9.988082
9.887998
9.788918
9.690830
9.593725
9.497594
9.402425
9.308210
9.214940
9.122603
9.031193
8.940698
8.851109
8.762419
8.674617
8.587695
8.501644
8.416456
8.332121
8.248631
8.165978
8.084152
8.003147
7.922954
7.843564
7.764969
7.687163
7.610135
7.533880
7.458389
7.383654
7.309668
7.236423
7.163913
7.092129
7.021064
6.950711
6.881064
6.812114
6.743855
6.676280
6.609382
6.543155
6.477591
6.412684
6.348428
6.284815
6.221840
6.159496
6.097777
6.036676
5.976187
5.916305
5.857022
5.798334
5.740233
5.682715
5.625773
5.569402
5.513595
5.458348
5.403654
5.349509
5.295906
5.242840
5.190306
5.138298
5.086811
5.035841
4.985381
4.935426
4.885973
4.837014
4.788547
4.740565
4.693063
4.646038
4.599484
4.553397
4.507771
4.462602
4.417886
4.373619
4.329794
4.286409
4.243459
4.200939
4.158845
4.117173
4.075918
4.035077
3.994645
3.954618
3.914992
3.875763
3.836928
3.798481
3.760420
3.722740
3.685438
3.648509
3.611951
3.575759
3.539929
3.504459
3.469344
3.434580
3.400166
3.366096
3.332367
3.298976
3.265920
3.233195
3.200798
3.168726
3.136975
3.105542
3.074425
3.043619
3.013121
2.982930
2.953040
2.923451
2.894158
2.865158
2.836449
2.808027
2.779891
2.752036
2.724460
2.697161
2.670135
2.643380
2.616894
2.590672
2.564714
2.539015
2.513574
2.488388
2.463454
2.438770
2.414333
2.390142
2.366192
2.342483
2.319011
2.295775
2.272771
2.249998
2.227453
2.205133
2.183038
2.161164
2.139509
2.118071
2.096848
2.075837
2.055037
2.034446
2.014061
1.993880
1.973901
1.954123
1.934542
1.915158
1.895968
1.876971
1.858163
1.839545
1.821112
1.802865
1.784800
1.766916
1.749212
1.731685
1.714333
1.697156
1.680150
1.663315
1.646649
1.630149
1.613815
1.597645
1.581637
1.565789
1.550099
1.534568
1.519191
1.503969
1.488899
1.473981
1.459211
1.444590
1.430115
1.415786
1.401599
1.387556
1.373652
1.359888
1.346262
1.332773
1.319419
1.306198
1.293110
1.280153
1.267326
1.254628
1.242056
1.229611
1.217290
1.205093
1.193018
1.181064
1.169230
1.157514
1.145916
1.134434
1.123067
1.111814
1.100674
1.089645
1.078727
1.067918
1.057218
1.046625
1.036138
1.025756
1.015478
1.005303
0.995230
0.985258
0.975385
0.965612
0.955937
0.946358
0.936876
0.927489
0.918195
0.908995
0.899887
0.890870
0.881944
0.873107
0.864358
0.855698
0.847124
0.838636
0.830233
0.821914
0.813678
0.805525
0.797454
0.789464
0.781553
0.773722
0.765970
0.758295
0.750697
0.743175
0.735728
0.728357
0.721059
0.713834
0.706681
0.699600
0.692590
0.685651
0.678781
0.671979
0.665246
0.658581
0.651982
0.645449
0.638982
0.632579
0.626241
0.619966
0.613754
0.607604
0.601516
0.595489
0.589523
0.583616
0.577768
0.571979
0.566248
0.560574
0.554957
0.549397
0.543892
0.538442
0.533047
0.527706
0.522418
0.517184
0.512002
0.506872
0.501793
0.496765
0.491788
0.486860
0.481982
0.477152
0.472371
0.467638
0.462953
0.458314
0.453722
0.449176
0.444675
0.440220
0.435809
0.431442
0.427119
0.422839
0.418603
0.414408
0.410256
0.406145
0.402076
0.398047
0.394059
0.390110
0.386202
0.382332
0.378501
0.374709
0.370954
0.367237
0.363558
0.359915
0.356309
0.352739
0.349204
0.345705
0.342241
0.338812
0.335417
0.332057
0.328730
0.325436
0.322175
0.318947
0.315751
0.312587
0.309455
0.306355
0.303285
0.300246
0.297238
0.294260
0.291311
0.288392
0.285503
0.282642
0.279810
0.277007
0.274231
0.271483
0.268763
0.266070
0.263404
0.260765
0.258152
0.255566
0.253005
0.250470
0.247960
0.245476
0.243016
0.240581
0.238171
0.235784
0.233422
0.231083
0.228768
0.226476
0.224206
0.221960
0.219736
0.217534
0.215355
0.213197
0.211061
0.208946
0.206852
0.204780
0.202728
0.200697
0.198686
0.196695
0.194724
0.192773
0.190842
0.188930
0.187036
0.185162
0.183307
0.181471
0.179652
0.177852
0.176070
0.174306
0.172560
0.170831
0.169119
0.167424
0.165747
0.164086
0.162442
0.160815
0.159203
0.157608
0.156029
0.154466
0.152918
0.151386
0.149869
0.148367
0.146881
0.145409
0.143952
0.142510
0.141082
0.139668
0.138269
0.136883
0.135512
0.134154
0.132810
0.131479
0.130162
0.128858
0.127567
0.126288
0.125023
0.123770
0.122530
0.121303
0.120087
0.118884
0.117693
0.116514
0.115346
0.114190
0.113046
0.111914
0.110792
0.109682
0.108583
0.107495
0.106418
0.105352
0.104296
0.103251
0.102217
0.101193
0.100179
0.099175
0.098181
0.097198
0.096224
0.095260
0.094305
0.093360
0.092425
0.091499
0.090582
0.089674
0.088776
0.087887
0.087006
0.086134
0.085271
0.084417
0.083571
0.082734
0.081905
0.081084
0.080272
0.079467
0.078671
0.077883
0.077103
0.076330
0.075565
0.074808
0.074059
0.073317
0.072582
0.071855
0.071135
0.070422
0.069716
0.069018
0.068326
0.067642
0.066964
0.066293
0.065629
0.064971
0.064320
0.063676
0.063038
0.062406
0.061781
0.061162
0.060549
0.059943
0.059342
0.058747
0.058159
0.057576
0.056999
0.056428
0.055863
0.055303
0.054749
0.054200
0.053657
0.053120
0.052587
0.052061
0.051539
0.051023
0.050511
0.050005
0.049504
0.049008
0.048517
0.048031
0.047550
0.047073
0.046602
0.046135
0.045673
0.045215
0.044762
0.044313
0.043869
0.043430
0.042995
0.042564
0.042137
0.041715
0.041297
0.040884
0.040474
0.040068
0.039667
0.039270
0.038876
0.038487
0.038101
0.037719
0.037341
0.036967
0.036597
0.036230
0.035867
0.035508
0.035152
0.034800
0.034451
0.034106
0.033764
0.033426
0.033091
0.032759
0.032431
0.032106
0.031785
0.031466
0.031151
0.030839
0.030530
0.030224
0.029921
0.029621
0.029324
0.029031
0.028740
0.028452
0.028167
0.027885
0.027605
0.027329
0.027055
0.026784
0.026515
0.026250
0.025987
0.025726
0.025469
0.025213
0.024961
0.024711
0.024463
0.024218
0.023975
0.023735
0.023497
0.023262
0.023029
0.022798
0.022570
0.022344
0.022120
0.021898
0.021679
0.021461
0.021246
0.021034
0.020823
0.020614
0.020408
0.020203
0.020001
0.019800
0.019602
0.019406
0.019211
0.019019
0.018828
0.018639
0.018453
0.018268
0.018085
0.017904
0.017724
0.017547
0.017371
0.017197
0.017024
0.016854
0.016685
0.016518
0.016352
0.016189
0.016026
0.015866
0.015707
0.015549
0.015394
0.015239
0.015087
0.014936
0.014786
0.014638
0.014491
0.014346
0.014202
0.014060
0.013919
0.013780
0.013642
0.013505
0.013370
0.013236
0.013103
0.012972
0.012842
0.012713
0.012586
0.012460
0.012335
0.012211
0.012089
0.011968
0.011848
0.011729
0.011612
0.011495
0.011380
0.011266
0.011153
0.011041
0.010931
0.010821
0.010713
0.010606
0.010499
0.010394
0.010290
0.010187
0.010085
0.009984
0.009884
0.009785
0.009687
0.009590
0.009494
0.009398
0.009304
0.009211
0.009119
0.009027
0.008937
0.008847
0.008759
0.008671
0.008584
0.008498
0.008413
0.008329
0.008245
0.008163
0.008081
0.008000
0.007920
0.007840
0.007762
0.007684
0.007607
0.007531
0.007455
0.007381
0.007307
0.007234
0.007161
0.007089
0.007018
0.006948
0.006878
0.006809
0.006741
0.006674
0.006607
0.006541
0.006475
0.006410
0.006346
0.006282
0.006219
0.006157
0.006095
0.006034
0.005974
0.005914
0.005855
0.005796
0.005738
0.005681
0.005624
0.005567
0.005512
0.005456
0.005402
0.005348
0.005294
0.005241
0.005188
0.005136
0.005085
0.005034
0.004984
0.004934
0.004884
0.004835
0.004787
0.004739
0.004691
0.004644
0.004598
0.004552
0.004506
0.004461
0.004416
0.004372
0.004328
0.004285
0.004242
0.004199
0.004157
0.004116
0.004075
0.004034
0.003993
0.003953
0.003914
0.003874
0.003836
0.003797
0.003759
0.003721
0.003684
0.003647
0.003611
0.003575
0.003539
0.003503
0.003468
0.003433
0.003399
0.003365
0.003331
0.003298
0.003265
0.003232
0.003200
0.003168
0.003136
0.003105
0.003073
0.003043
0.003012
0.002982
0.002952
0.002923
0.002893
0.002864
0.002836
0.002807
0.002779
0.002751
0.002724
0.002696
0.002669
0.002643
0.002616
0.002590
0.002564
0.002538
0.002513
0.002488
0.002463
0.002438
0.002414
0.002389
0.002365
0.002342
0.002318
0.002295
0.002272
0.002249
0.002227
0.002204
0.002182
0.002161
0.002139
0.002117
0.002096
0.002075
0.002054
0.002034
0.002013
0.001993
0.001973
0.001954
0.001934
0.001915
0.001895
0.001876
0.001858
0.001839
0.001821
0.001802
0.001784
0.001766
0.001749
0.001731
0.001714
0.001697
0.001680
0.001663
0.001646
0.001630
0.001613
0.001597
0.001581
0.001565
0.001550
0.001534
0.001519
0.001504
