17.300068
29.198540
32.593710
33.394704
33.405893
33.178234
32.879941
32.562358
32.241139
31.921043
31.603500
31.288925
30.977423
30.669005
30.363652
30.061338
29.762033
29.465708
29.172333
28.881880
28.594318
28.309619
28.027756
27.748698
27.472419
27.198891
26.928086
26.659978
26.394539
26.131742
25.871563
25.613974
25.358949
25.106464
24.856493
24.609010
24.363992
24.121413
23.881250
23.643477
23.408073
23.175011
22.944271
22.715828
22.489659
22.265742
22.044055
21.824575
21.607280
21.392149
21.179159
20.968291
20.759521
20.552831
20.348198
20.145603
19.945025
19.746444
19.549840
19.355194
19.162486
18.971696
18.782806
18.595797
18.410650
18.227346
18.045867
17.866196
17.688313
17.512201
17.337842
17.165220
16.994316
16.825114
16.657597
16.491748
16.327549
16.164986
16.004041
15.844699
15.686943
15.530758
15.376128
15.223038
15.071471
14.921414
14.772851
14.625767
14.480148
14.335978
14.193244
14.051931
13.912025
13.773512
13.636378
13.500609
13.366192
13.233114
13.101360
12.970919
12.841776
12.713918
12.587334
12.462011
12.337935
12.215094
12.093476
11.973070
11.853862
11.735841
11.618995
11.503312
11.388782
11.275391
11.163130
11.051986
10.941949
10.833007
10.725150
10.618368
10.512648
10.407980
10.304355
10.201762
10.100190
9.999630
9.900070
9.801502
9.703915
9.607300
9.511647
9.416946
9.323188
9.230364
9.138464
9.047479
8.957399
8.868217
8.779922
8.692507
8.605962
8.520279
8.435448
8.351463
8.268313
8.185992
8.104490
8.023799
7.943912
7.864820
7.786516
7.708991
7.632239
7.556250
7.481018
7.406535
7.332794
7.259787
7.187506
7.115946
7.045098
6.974955
6.905511
6.836758
6.768689
6.701298
6.634579
6.568523
6.503125
6.438379
6.374277
6.310813
6.247981
6.185775
6.124188
6.063214
6.002847
5.943082
5.883911
5.825329
5.767331
5.709910
5.653061
5.596778
5.541055
5.485888
5.431269
5.377194
5.323658
5.270654
5.218178
5.166225
5.114789
5.063865
5.013449
4.963534
4.914116
4.865190
4.816751
4.768795
4.721316
4.674309
4.627771
4.581696
4.536080
4.490918
4.446206
4.401938
4.358112
4.314722
4.271764
4.229233
4.187126
4.145439
4.104166
4.063304
4.022849
3.982797
3.943144
3.903885
3.865017
3.826537
3.788439
3.750721
3.713378
3.676407
3.639804
3.603566
3.567688
3.532168
3.497001
3.462185
3.427715
3.393588
3.359801
3.326350
3.293233
3.260445
3.227983
3.195845
3.164027
3.132525
3.101338
3.070460
3.039891
3.009625
2.979661
2.949995
2.920625
2.891546
2.862758
2.834256
2.806038
2.778101
2.750442
2.723058
2.695947
2.669106
2.642532
2.616223
2.590175
2.564387
2.538856
2.513579
2.488554
2.463777
2.439248
2.414962
2.390919
2.367115
2.343547
2.320215
2.297115
2.274244
2.251602
2.229185
2.206991
2.185018
2.163264
2.141726
2.120403
2.099292
2.078391
2.057699
2.037212
2.016930
1.996849
1.976968
1.957286
1.937799
1.918506
1.899405
1.880495
1.861772
1.843237
1.824885
1.806717
1.788729
1.770920
1.753289
1.735833
1.718551
1.701441
1.684502
1.667731
1.651127
1.634688
1.618413
1.602300
1.586348
1.570554
1.554917
1.539437
1.524110
1.508936
1.493913
1.479040
1.464314
1.449735
1.435302
1.421012
1.406864
1.392858
1.378990
1.365261
1.351669
1.338212
1.324888
1.311698
1.298639
1.285709
1.272909
1.260236
1.247689
1.235267
1.222969
1.210793
1.198738
1.186804
1.174988
1.163290
1.151708
1.140242
1.128889
1.117650
1.106523
1.095506
1.084600
1.073801
1.063111
1.052526
1.042048
1.031673
1.021402
1.011233
1.001165
0.991197
0.981329
0.971559
0.961886
0.952310
0.942829
0.933442
0.924149
0.914948
0.905839
0.896820
0.887892
0.879052
0.870300
0.861635
0.853057
0.844564
0.836156
0.827831
0.819589
0.811429
0.803351
0.795353
0.787434
0.779595
0.771833
0.764149
0.756541
0.749009
0.741552
0.734169
0.726860
0.719623
0.712459
0.705366
0.698343
0.691390
0.684507
0.677692
0.670945
0.664265
0.657652
0.651104
0.644622
0.638204
0.631851
0.625560
0.619332
0.613166
0.607061
0.601018
0.595034
0.589110
0.583245
0.577438
0.571689
0.565997
0.560362
0.554784
0.549260
0.543792
0.538378
0.533018
0.527711
0.522458
0.517256
0.512106
0.507008
0.501960
0.496963
0.492015
0.487117
0.482267
0.477466
0.472712
0.468006
0.463346
0.458733
0.454166
0.449645
0.445168
0.440736
0.436348
0.432004
0.427703
0.423445
0.419229
0.415056
0.410923
0.406832
0.402782
0.398772
0.394802
0.390871
0.386980
0.383127
0.379313
0.375536
0.371798
0.368096
0.364431
0.360803
0.357211
0.353655
0.350134
0.346648
0.343197
0.339780
0.336397
0.333048
0.329733
0.326450
0.323200
0.319982
0.316796
0.313642
0.310520
0.307428
0.304368
0.301338
0.298337
0.295367
0.292427
0.289515
0.286633
0.283779
0.280954
0.278157
0.275388
0.272646
0.269932
0.267244
0.264584
0.261950
0.259342
0.256760
0.254204
0.251673
0.249167
0.246687
0.244231
0.241799
0.239392
0.237008
0.234649
0.232313
0.230000
0.227710
0.225443
0.223199
0.220977
0.218777
0.216599
0.214442
0.212307
0.210194
0.208101
0.206029
0.203978
0.201947
0.199937
0.197946
0.195976
0.194024
0.192093
0.190180
0.188287
0.186412
0.184557
0.182719
0.180900
0.179099
0.177316
0.175551
0.173803
0.172073
0.170360
0.168664
0.166984
0.165322
0.163676
0.162047
0.160433
0.158836
0.157255
0.155689
0.154139
0.152605
0.151085
0.149581
0.148092
0.146618
0.145158
0.143713
0.142282
0.140866
0.139463
0.138075
0.136700
0.135339
0.133992
0.132658
0.131337
0.130030
0.128735
0.127453
0.126185
0.124928
0.123685
0.122453
0.121234
0.120027
0.118832
0.117649
0.116478
0.115318
0.114170
0.113034
0.111908
0.110794
0.109691
0.108599
0.107518
0.106448
0.105388
0.104339
0.103300
0.102271
0.101253
0.100245
0.099247
0.098259
0.097281
0.096312
0.095354
0.094404
0.093464
0.092534
0.091613
0.090701
0.089798
0.088904
0.088019
0.087142
0.086275
0.085416
0.084566
0.083724
0.082890
0.082065
0.081248
0.080439
0.079638
0.078845
0.078060
0.077283
0.076514
0.075752
0.074998
0.074251
0.073512
0.072780
0.072056
0.071338
0.070628
0.069925
0.069229
0.068540
0.067857
0.067182
0.066513
0.065851
0.065195
0.064546
0.063904
0.063267
0.062638
0.062014
0.061397
0.060785
0.060180
0.059581
0.058988
0.058401
0.057819
0.057244
0.056674
0.056110
0.055551
0.054998
0.054450
0.053908
0.053372
0.052840
0.052314
0.051793
0.051278
0.050767
0.050262
0.049761
0.049266
0.048776
0.048290
0.047809
0.047333
0.046862
0.046396
0.045934
0.045476
0.045024
0.044575
0.044132
0.043692
0.043257
0.042827
0.042400
0.041978
0.041560
0.041147
0.040737
0.040331
0.039930
0.039532
0.039139
0.038749
0.038363
0.037981
0.037603
0.037229
0.036858
0.036491
0.036128
0.035768
0.035412
0.035060
0.034711
0.034365
0.034023
0.033684
0.033349
0.033017
0.032688
0.032363
0.032041
0.031722
0.031406
0.031093
0.030784
0.030477
0.030174
0.029873
0.029576
0.029282
0.028990
0.028701
0.028416
0.028133
0.027853
0.027575
0.027301
0.027029
0.026760
0.026494
0.026230
0.025969
0.025710
0.025454
0.025201
0.024950
0.024702
0.024456
0.024212
0.023971
0.023733
0.023496
0.023262
0.023031
0.022802
0.022575
0.022350
0.022127
0.021907
0.021689
0.021473
0.021259
0.021048
0.020838
0.020631
0.020425
0.020222
0.020021
0.019821
0.019624
0.019429
0.019235
0.019044
0.018854
0.018666
0.018481
0.018297
0.018114
0.017934
0.017756
0.017579
0.017404
0.017231
0.017059
0.016889
0.016721
0.016555
0.016390
0.016227
0.016065
0.015905
0.015747
0.015590
0.015435
0.015281
0.015129
0.014978
0.014829
0.014682
0.014535
0.014391
0.014248
0.014106
0.013965
0.013826
0.013689
0.013552
0.013417
0.013284
0.013152
0.013021
0.012891
0.012763
0.012636
0.012510
0.012385
0.012262
0.012140
0.012019
0.011899
0.011781
0.011664
0.011548
0.011433
0.011319
0.011206
0.011095
0.010984
0.010875
0.010766
0.010659
0.010553
0.010448
0.010344
0.010241
0.010139
0.010038
0.009938
0.009839
0.009741
0.009644
0.009548
0.009453
0.009359
0.009266
0.009174
0.009083
0.008992
0.008903
0.008814
0.008726
0.008639
0.008553
0.008468
0.008384
0.008300
0.008218
0.008136
0.008055
0.007975
0.007895
0.007817
0.007739
0.007662
0.007586
0.007510
0.007435
0.007361
0.007288
0.007216
0.007144
0.007073
0.007002
0.006932
0.006863
0.006795
0.006727
0.006660
0.006594
0.006529
0.006464
0.006399
0.006335
0.006272
0.006210
0.006148
0.006087
0.006026
0.005966
0.005907
0.005848
0.005790
0.005732
0.005675
0.005619
0.005563
0.005507
0.005453
0.005398
0.005345
0.005291
0.005239
0.005187
0.005135
0.005084
0.005033
0.004983
0.004933
0.004884
0.004836
0.004788
0.004740
0.004693
0.004646
0.004600
0.004554
0.004509
0.004464
0.004419
0.004375
0.004332
0.004289
0.004246
0.004204
0.004162
0.004120
0.004079
0.004039
0.003999
0.003959
0.003919
0.003880
0.003842
0.003803
0.003766
0.003728
0.003691
0.003654
0.003618
0.003582
0.003546
0.003511
0.003476
0.003441
0.003407
0.003373
0.003340
0.003306
0.003273
0.003241
0.003209
0.003177
0.003145
0.003114
0.003083
0.003052
0.003022
0.002992
0.002962
0.002932
0.002903
0.002874
0.002846
0.002817
0.002789
0.002761
0.002734
0.002707
0.002680
0.002653
0.002627
0.002600
0.002575
0.002549
0.002524
0.002498
0.002474
0.002449
0.002425
0.002400
0.002377
0.002353
0.002329
0.002306
0.002283
0.002261
0.002238
0.002216
0.002194
0.002172
0.002150
0.002129
0.002108
0.002087
0.002066
0.002045
0.002025
0.002005
0.001985
0.001965
0.001946
0.001926
0.001907
0.001888
0.001869
0.001851
0.001832
0.001814
0.001796
0.001778
0.001760
0.001743
0.001725
0.001708
0.001691
0.001674
0.001658
0.001641
0.001625
0.001609
0.001593
