17.183724
29.073199
32.418186
33.191691
33.192916
32.963802
32.667576
32.353381
32.036000
31.719862
31.406281
31.095630
30.788001
30.483400
30.181808
29.883199
29.587543
29.294813
29.004979
28.718012
28.433885
28.152568
27.874035
27.598258
27.325209
27.054862
26.787190
26.522165
26.259763
25.999957
25.742722
25.488032
25.235861
24.986186
24.738980
24.494221
24.251883
24.011942
23.774376
23.539160
23.306272
23.075687
22.847384
22.621339
22.397531
22.175938
21.956537
21.739306
21.524225
21.311271
21.100425
20.891665
20.684970
20.480320
20.277695
20.077074
19.878439
19.681769
19.487044
19.294246
19.103356
18.914354
18.727223
18.541942
18.358495
18.176863
17.997028
17.818972
17.642677
17.468127
17.295304
17.124191
16.954771
16.787027
16.620942
16.456501
16.293687
16.132483
15.972875
15.814845
15.658379
15.503461
15.350076
15.198209
15.047844
14.898966
14.751562
14.605616
14.461114
14.318041
14.176384
14.036129
13.897261
13.759767
13.623634
13.488847
13.355394
13.223261
13.092436
12.962905
12.834655
12.707675
12.581950
12.457470
12.334221
12.212191
12.091369
11.971742
11.853299
11.736028
11.619917
11.504954
11.391129
11.278430
11.166847
11.056367
10.946980
10.838675
10.731442
10.625270
10.520149
10.416067
10.313015
10.210983
10.109960
10.009937
9.910903
9.812849
9.715765
9.619642
9.524470
9.430239
9.336941
9.244566
9.153104
9.062548
8.972887
8.884114
8.796218
8.709193
8.623028
8.537716
8.453248
8.369616
8.286811
8.204825
8.123651
8.043279
7.963703
7.884914
7.806905
7.729667
7.653194
7.577477
7.502509
7.428283
7.354791
7.282027
7.209982
7.138650
7.068024
6.998096
6.928861
6.860310
6.792438
6.725237
6.658701
6.592823
6.527597
6.463017
6.399075
6.335766
6.273083
6.211021
6.149572
6.088732
6.028493
5.968850
5.909798
5.851329
5.793439
5.736122
5.679372
5.623184
5.567551
5.512469
5.457931
5.403934
5.350470
5.297535
5.245125
5.193232
5.141853
5.090983
5.040615
4.990746
4.941371
4.892484
4.844080
4.796156
4.748705
4.701724
4.655208
4.609152
4.563552
4.518403
4.473700
4.429440
4.385618
4.342229
4.299269
4.256735
4.214621
4.172924
4.131640
4.090764
4.050292
4.010221
3.970546
3.931264
3.892371
3.853862
3.815734
3.777984
3.740607
3.703599
3.666958
3.630679
3.594760
3.559195
3.523983
3.489119
3.454600
3.420422
3.386582
3.353078
3.319904
3.287059
3.254539
3.222341
3.190461
3.158897
3.127645
3.096702
3.066065
3.035731
3.005698
2.975961
2.946519
2.917368
2.888505
2.859928
2.831634
2.803620
2.775883
2.748420
2.721229
2.694307
2.667651
2.641259
2.615128
2.589256
2.563639
2.538276
2.513164
2.488301
2.463683
2.439309
2.415176
2.391282
2.367625
2.344201
2.321009
2.298046
2.275311
2.252801
2.230513
2.208446
2.186597
2.164964
2.143546
2.122339
2.101342
2.080553
2.059969
2.039589
2.019411
1.999432
1.979652
1.960066
1.940675
1.921475
1.902465
1.883644
1.865008
1.846557
1.828289
1.810201
1.792292
1.774560
1.757004
1.739622
1.722411
1.705371
1.688499
1.671794
1.655255
1.638879
1.622665
1.606612
1.590717
1.574980
1.559398
1.543970
1.528696
1.513572
1.498598
1.483772
1.469092
1.454558
1.440168
1.425920
1.411813
1.397846
1.384016
1.370324
1.356767
1.343344
1.330054
1.316896
1.303867
1.290968
1.278196
1.265550
1.253030
1.240634
1.228360
1.216207
1.204175
1.192262
1.180467
1.168788
1.157225
1.145776
1.134441
1.123218
1.112105
1.101103
1.090210
1.079424
1.068745
1.058172
1.047703
1.037338
1.027075
1.016914
1.006854
0.996893
0.987030
0.977265
0.967597
0.958024
0.948546
0.939162
0.929871
0.920672
0.911563
0.902545
0.893616
0.884775
0.876022
0.867355
0.858775
0.850279
0.841867
0.833538
0.825292
0.817127
0.809043
0.801039
0.793114
0.785268
0.777499
0.769807
0.762191
0.754651
0.747185
0.739793
0.732474
0.725227
0.718053
0.710949
0.703915
0.696951
0.690056
0.683230
0.676470
0.669778
0.663152
0.656591
0.650095
0.643664
0.637296
0.630991
0.624749
0.618568
0.612448
0.606389
0.600390
0.594450
0.588570
0.582747
0.576982
0.571273
0.565622
0.560026
0.554486
0.549000
0.543569
0.538191
0.532867
0.527595
0.522375
0.517208
0.512091
0.507025
0.502009
0.497042
0.492125
0.487256
0.482436
0.477663
0.472937
0.468259
0.463626
0.459039
0.454498
0.450002
0.445550
0.441142
0.436778
0.432457
0.428178
0.423942
0.419748
0.415596
0.411484
0.407413
0.403383
0.399392
0.395441
0.391529
0.387655
0.383820
0.380023
0.376263
0.372541
0.368856
0.365206
0.361593
0.358016
0.354474
0.350967
0.347495
0.344058
0.340654
0.337284
0.333947
0.330643
0.327372
0.324133
0.320927
0.317752
0.314608
0.311496
0.308414
0.305363
0.302342
0.299351
0.296390
0.293457
0.290554
0.287680
0.284834
0.282016
0.279226
0.276464
0.273728
0.271020
0.268339
0.265685
0.263056
0.260454
0.257877
0.255326
0.252800
0.250299
0.247823
0.245371
0.242944
0.240540
0.238161
0.235804
0.233472
0.231162
0.228875
0.226611
0.224369
0.222149
0.219952
0.217776
0.215621
0.213488
0.211376
0.209285
0.207214
0.205164
0.203135
0.201125
0.199135
0.197165
0.195215
0.193284
0.191371
0.189478
0.187604
0.185748
0.183910
0.182091
0.180289
0.178506
0.176740
0.174991
0.173260
0.171546
0.169849
0.168169
0.166505
0.164858
0.163227
0.161612
0.160013
0.158430
0.156863
0.155311
0.153775
0.152253
0.150747
0.149256
0.147779
0.146317
0.144870
0.143437
0.142018
0.140613
0.139222
0.137844
0.136481
0.135130
0.133794
0.132470
0.131159
0.129862
0.128577
0.127305
0.126046
0.124799
0.123564
0.122342
0.121131
0.119933
0.118747
0.117572
0.116409
0.115257
0.114117
0.112988
0.111870
0.110763
0.109668
0.108583
0.107509
0.106445
0.105392
0.104349
0.103317
0.102295
0.101283
0.100281
0.099289
0.098307
0.097334
0.096371
0.095418
0.094474
0.093539
0.092614
0.091698
0.090791
0.089892
0.089003
0.088123
0.087251
0.086388
0.085533
0.084687
0.083849
0.083020
0.082198
0.081385
0.080580
0.079783
0.078994
0.078212
0.077438
0.076672
0.075914
0.075163
0.074419
0.073683
0.072954
0.072232
0.071518
0.070810
0.070110
0.069416
0.068729
0.068049
0.067376
0.066710
0.066050
0.065396
0.064749
0.064109
0.063475
0.062847
0.062225
0.061609
0.061000
0.060396
0.059799
0.059207
0.058622
0.058042
0.057468
0.056899
0.056336
0.055779
0.055227
0.054681
0.054140
0.053604
0.053074
0.052549
0.052029
0.051514
0.051005
0.050500
0.050000
0.049506
0.049016
0.048531
0.048051
0.047576
0.047105
0.046639
0.046178
0.045721
0.045269
0.044821
0.044377
0.043938
0.043504
0.043073
0.042647
0.042225
0.041808
0.041394
0.040984
0.040579
0.040178
0.039780
0.039387
0.038997
0.038611
0.038229
0.037851
0.037477
0.037106
0.036739
0.036375
0.036015
0.035659
0.035306
0.034957
0.034611
0.034269
0.033930
0.033594
0.033262
0.032933
0.032607
0.032284
0.031965
0.031649
0.031336
0.031026
0.030719
0.030415
0.030114
0.029816
0.029521
0.029229
0.028940
0.028654
0.028370
0.028090
0.027812
0.027537
0.027264
0.026994
0.026727
0.026463
0.026201
0.025942
0.025685
0.025431
0.025180
0.024931
0.024684
0.024440
0.024198
0.023959
0.023722
0.023487
0.023255
0.023025
0.022797
0.022571
0.022348
0.022127
0.021908
0.021691
0.021477
0.021264
0.021054
0.020846
0.020639
0.020435
0.020233
0.020033
0.019835
0.019638
0.019444
0.019252
0.019061
0.018873
0.018686
0.018501
0.018318
0.018137
0.017958
0.017780
0.017604
0.017430
0.017257
0.017087
0.016918
0.016750
0.016585
0.016421
0.016258
0.016097
0.015938
0.015780
0.015624
0.015470
0.015317
0.015165
0.015015
0.014867
0.014720
0.014574
0.014430
0.014287
0.014146
0.014006
0.013867
0.013730
0.013594
0.013460
0.013327
0.013195
0.013064
0.012935
0.012807
0.012680
0.012555
0.012431
0.012308
0.012186
0.012065
0.011946
0.011828
0.011711
0.011595
0.011480
0.011367
0.011254
0.011143
0.011033
0.010924
0.010816
0.010709
0.010603
0.010498
0.010394
0.010291
0.010189
0.010088
0.009989
0.009890
0.009792
0.009695
0.009599
0.009504
0.009410
0.009317
0.009225
0.009134
0.009043
0.008954
0.008865
0.008778
0.008691
0.008605
0.008520
0.008435
0.008352
0.008269
0.008188
0.008107
0.008026
0.007947
0.007868
0.007790
0.007713
0.007637
0.007562
0.007487
0.007413
0.007339
0.007267
0.007195
0.007124
0.007053
0.006983
0.006914
0.006846
0.006778
0.006711
0.006645
0.006579
0.006514
0.006450
0.006386
0.006323
0.006260
0.006198
0.006137
0.006076
0.006016
0.005956
0.005898
0.005839
0.005781
0.005724
0.005668
0.005612
0.005556
0.005501
0.005447
0.005393
0.005339
0.005287
0.005234
0.005183
0.005131
0.005080
0.005030
0.004980
0.004931
0.004882
0.004834
0.004786
0.004739
0.004692
0.004646
0.004600
0.004554
0.004509
0.004465
0.004420
0.004377
0.004333
0.004290
0.004248
0.004206
0.004164
0.004123
0.004082
0.004042
0.004002
0.003962
0.003923
0.003884
0.003846
0.003808
0.003770
0.003733
0.003696
0.003659
0.003623
0.003587
0.003552
0.003517
0.003482
0.003448
0.003413
0.003380
0.003346
0.003313
0.003280
0.003248
0.003216
0.003184
0.003152
0.003121
0.003090
0.003060
0.003030
0.003000
0.002970
0.002941
0.002911
0.002883
0.002854
0.002826
0.002798
0.002770
0.002743
0.002716
0.002689
0.002662
0.002636
0.002610
0.002584
0.002558
0.002533
0.002508
0.002483
0.002459
0.002434
0.002410
0.002386
0.002363
0.002339
0.002316
0.002293
0.002271
0.002248
0.002226
0.002204
0.002182
0.002161
0.002139
0.002118
0.002097
0.002076
0.002056
0.002035
0.002015
0.001995
0.001976
0.001956
0.001937
0.001918
0.001899
0.001880
0.001861
0.001843
0.001825
0.001807
0.001789
0.001771
0.001753
0.001736
0.001719
0.001702
0.001685
