16.954584
28.822112
32.068284
32.789184
32.771996
32.540655
32.248740
31.941256
31.631377
31.322943
31.017058
30.714026
30.413916
30.116726
29.822437
29.531023
29.242456
28.956709
28.673754
28.393564
28.116112
27.841372
27.569316
27.299918
27.033153
26.768995
26.507418
26.248397
25.991907
25.737923
25.486422
25.237378
24.990767
24.746567
24.504753
24.265301
24.028190
23.793395
23.560895
23.330667
23.102689
22.876938
22.653393
22.432033
22.212836
21.995780
21.780846
21.568012
21.357258
21.148563
20.941908
20.737272
20.534635
20.333979
20.135283
19.938529
19.743698
19.550771
19.359728
19.170553
18.983226
18.797730
18.614046
18.432157
18.252046
18.073694
17.897086
17.722203
17.549029
17.377547
17.207741
17.039594
16.873090
16.708214
16.544948
16.383278
16.223187
16.064661
15.907684
15.752241
15.598317
15.445897
15.294967
15.145511
14.997516
14.850967
14.705850
14.562151
14.419856
14.278951
14.139424
14.001260
13.864446
13.728969
13.594815
13.461973
13.330429
13.200170
13.071184
12.943458
12.816981
12.691739
12.567721
12.444915
12.323309
12.202892
12.083651
11.965575
11.848653
11.732874
11.618226
11.504698
11.392279
11.280960
11.170727
11.061572
10.953484
10.846452
10.740466
10.635515
10.531590
10.428681
10.326777
10.225868
10.125946
10.027001
9.929022
9.832000
9.735927
9.640792
9.546587
9.453303
9.360930
9.269460
9.178883
9.089192
9.000377
8.912430
8.825342
8.739105
8.653711
8.569152
8.485418
8.402503
8.320398
8.239096
8.158588
8.078866
7.999924
7.921753
7.844346
7.767695
7.691793
7.616633
7.542207
7.468509
7.395531
7.323265
7.251706
7.180847
7.110679
7.041198
6.972395
6.904265
6.836800
6.769994
6.703842
6.638336
6.573469
6.509237
6.445632
6.382649
6.320282
6.258523
6.197369
6.136811
6.076846
6.017466
5.958667
5.900442
5.842787
5.785694
5.729160
5.673178
5.617743
5.562849
5.508492
5.454667
5.401367
5.348588
5.296325
5.244572
5.193325
5.142579
5.092329
5.042570
4.993297
4.944505
4.896190
4.848348
4.800972
4.754060
4.707606
4.661606
4.616056
4.570951
4.526286
4.482058
4.438262
4.394894
4.351950
4.309425
4.267316
4.225619
4.184329
4.143442
4.102955
4.062863
4.023163
3.983852
3.944924
3.906377
3.868206
3.830408
3.792980
3.755917
3.719217
3.682875
3.646888
3.611253
3.575966
3.541024
3.506424
3.472161
3.438233
3.404637
3.371369
3.338426
3.305806
3.273503
3.241517
3.209843
3.178478
3.147420
3.116666
3.086212
3.056055
3.026194
2.996624
2.967343
2.938348
2.909636
2.881205
2.853052
2.825174
2.797568
2.770232
2.743163
2.716359
2.689817
2.663534
2.637507
2.611735
2.586215
2.560945
2.535921
2.511142
2.486604
2.462307
2.438247
2.414422
2.390830
2.367469
2.344335
2.321428
2.298745
2.276283
2.254041
2.232016
2.210206
2.188610
2.167224
2.146048
2.125078
2.104313
2.083751
2.063390
2.043228
2.023263
2.003494
1.983917
1.964531
1.945335
1.926327
1.907504
1.888866
1.870409
1.852133
1.834035
1.816114
1.798368
1.780796
1.763395
1.746165
1.729103
1.712207
1.695477
1.678910
1.662505
1.646260
1.630174
1.614245
1.598472
1.582853
1.567386
1.552071
1.536905
1.521888
1.507017
1.492292
1.477710
1.463271
1.448973
1.434815
1.420795
1.406912
1.393165
1.379552
1.366072
1.352724
1.339506
1.326417
1.313457
1.300623
1.287914
1.275329
1.262868
1.250528
1.238309
1.226209
1.214228
1.202363
1.190615
1.178981
1.167461
1.156053
1.144757
1.133572
1.122495
1.111527
1.100666
1.089911
1.079262
1.068716
1.058273
1.047933
1.037693
1.027554
1.017513
1.007571
0.997726
0.987977
0.978323
0.968764
0.959298
0.949924
0.940642
0.931451
0.922350
0.913337
0.904413
0.895576
0.886825
0.878160
0.869579
0.861082
0.852669
0.844337
0.836087
0.827917
0.819828
0.811817
0.803885
0.796030
0.788252
0.780549
0.772923
0.765370
0.757892
0.750486
0.743153
0.735892
0.728701
0.721581
0.714530
0.707548
0.700635
0.693789
0.687010
0.680297
0.673650
0.667067
0.660549
0.654095
0.647704
0.641375
0.635108
0.628902
0.622757
0.616672
0.610647
0.604680
0.598772
0.592921
0.587127
0.581390
0.575710
0.570084
0.564514
0.558998
0.553536
0.548127
0.542772
0.537468
0.532216
0.527016
0.521867
0.516767
0.511718
0.506718
0.501767
0.496864
0.492009
0.487202
0.482441
0.477727
0.473059
0.468437
0.463860
0.459327
0.454839
0.450395
0.445994
0.441636
0.437321
0.433048
0.428817
0.424627
0.420478
0.416369
0.412301
0.408272
0.404283
0.400333
0.396421
0.392547
0.388712
0.384914
0.381153
0.377428
0.373741
0.370089
0.366473
0.362892
0.359346
0.355835
0.352358
0.348915
0.345506
0.342130
0.338787
0.335476
0.332198
0.328953
0.325738
0.322556
0.319404
0.316283
0.313193
0.310132
0.307102
0.304101
0.301130
0.298188
0.295274
0.292389
0.289532
0.286703
0.283902
0.281128
0.278381
0.275661
0.272967
0.270300
0.267659
0.265044
0.262454
0.259889
0.257350
0.254835
0.252345
0.249880
0.247438
0.245020
0.242626
0.240256
0.237908
0.235584
0.233282
0.231002
0.228745
0.226510
0.224297
0.222105
0.219935
0.217786
0.215658
0.213551
0.211464
0.209398
0.207352
0.205326
0.203320
0.201333
0.199366
0.197418
0.195489
0.193579
0.191687
0.189814
0.187960
0.186123
0.184305
0.182504
0.180721
0.178955
0.177206
0.175475
0.173760
0.172062
0.170381
0.168716
0.167068
0.165435
0.163819
0.162218
0.160633
0.159064
0.157510
0.155971
0.154447
0.152938
0.151443
0.149963
0.148498
0.147047
0.145610
0.144188
0.142779
0.141384
0.140002
0.138634
0.137280
0.135938
0.134610
0.133295
0.131992
0.130703
0.129426
0.128161
0.126909
0.125669
0.124441
0.123225
0.122021
0.120829
0.119648
0.118479
0.117321
0.116175
0.115040
0.113916
0.112803
0.111701
0.110609
0.109529
0.108458
0.107399
0.106349
0.105310
0.104281
0.103262
0.102253
0.101254
0.100265
0.099285
0.098315
0.097354
0.096403
0.095461
0.094528
0.093605
0.092690
0.091785
0.090888
0.090000
0.089120
0.088250
0.087387
0.086533
0.085688
0.084851
0.084022
0.083201
0.082388
0.081583
0.080786
0.079996
0.079215
0.078441
0.077674
0.076915
0.076164
0.075420
0.074683
0.073953
0.073230
0.072515
0.071806
0.071105
0.070410
0.069722
0.069041
0.068366
0.067698
0.067037
0.066382
0.065733
0.065091
0.064455
0.063825
0.063201
0.062584
0.061972
0.061367
0.060767
0.060174
0.059586
0.059003
0.058427
0.057856
0.057291
0.056731
0.056177
0.055628
0.055084
0.054546
0.054013
0.053485
0.052963
0.052445
0.051933
0.051425
0.050923
0.050425
0.049933
0.049445
0.048962
0.048483
0.048010
0.047540
0.047076
0.046616
0.046160
0.045709
0.045263
0.044821
0.044383
0.043949
0.043520
0.043094
0.042673
0.042256
0.041843
0.041435
0.041030
0.040629
0.040232
0.039839
0.039450
0.039064
0.038682
0.038304
0.037930
0.037560
0.037193
0.036829
0.036469
0.036113
0.035760
0.035411
0.035065
0.034722
0.034383
0.034047
0.033714
0.033385
0.033059
0.032736
0.032416
0.032099
0.031786
0.031475
0.031167
0.030863
0.030561
0.030263
0.029967
0.029674
0.029384
0.029097
0.028813
0.028531
0.028253
0.027977
0.027703
0.027433
0.027164
0.026899
0.026636
0.026376
0.026118
0.025863
0.025610
0.025360
0.025112
0.024867
0.024624
0.024383
0.024145
0.023909
0.023676
0.023444
0.023215
0.022988
0.022764
0.022541
0.022321
0.022103
0.021887
0.021673
0.021462
0.021252
0.021044
0.020839
0.020635
0.020433
0.020234
0.020036
0.019840
0.019646
0.019454
0.019264
0.019076
0.018890
0.018705
0.018522
0.018341
0.018162
0.017985
0.017809
0.017635
0.017463
0.017292
0.017123
0.016956
0.016790
0.016626
0.016464
0.016303
0.016144
0.015986
0.015830
0.015675
0.015522
0.015370
0.015220
0.015071
0.014924
0.014778
0.014634
0.014491
0.014349
0.014209
0.014070
0.013933
0.013797
0.013662
0.013528
0.013396
0.013265
0.013136
0.013007
0.012880
0.012754
0.012630
0.012506
0.012384
0.012263
0.012143
0.012025
0.011907
0.011791
0.011676
0.011562
0.011449
0.011337
0.011226
0.011116
0.011008
0.010900
0.010794
0.010688
0.010584
0.010480
0.010378
0.010277
0.010176
0.010077
0.009978
0.009881
0.009784
0.009689
0.009594
0.009500
0.009407
0.009315
0.009224
0.009134
0.009045
0.008957
0.008869
0.008783
0.008697
0.008612
0.008528
0.008444
0.008362
0.008280
0.008199
0.008119
0.008040
0.007961
0.007883
0.007806
0.007730
0.007655
0.007580
0.007506
0.007432
0.007360
0.007288
0.007217
0.007146
0.007076
0.007007
0.006939
0.006871
0.006804
0.006737
0.006671
0.006606
0.006542
0.006478
0.006415
0.006352
0.006290
0.006228
0.006167
0.006107
0.006048
0.005988
0.005930
0.005872
0.005815
0.005758
0.005702
0.005646
0.005591
0.005536
0.005482
0.005428
0.005375
0.005323
0.005271
0.005219
0.005168
0.005118
0.005068
0.005018
0.004969
0.004921
0.004873
0.004825
0.004778
0.004731
0.004685
0.004639
0.004594
0.004549
0.004505
0.004461
0.004417
0.004374
0.004331
0.004289
0.004247
0.004205
0.004164
0.004124
0.004083
0.004043
0.004004
0.003965
0.003926
0.003888
0.003850
0.003812
0.003775
0.003738
0.003701
0.003665
0.003629
0.003594
0.003559
0.003524
0.003490
0.003456
0.003422
0.003388
0.003355
0.003322
0.003290
0.003258
0.003226
0.003195
0.003163
0.003132
0.003102
0.003071
0.003041
0.003012
0.002982
0.002953
0.002924
0.002896
0.002867
0.002839
0.002812
0.002784
0.002757
0.002730
0.002703
0.002677
0.002651
0.002625
0.002599
0.002574
0.002549
0.002524
0.002499
0.002475
0.002451
0.002427
0.002403
0.002379
0.002356
0.002333
0.002310
0.002288
0.002265
0.002243
0.002221
0.002200
0.002178
0.002157
0.002136
0.002115
0.002094
0.002074
0.002054
0.002033
0.002014
0.001994
0.001974
0.001955
0.001936
0.001917
0.001898
0.001880
