17.068567
28.947709
32.243026
32.989839
32.981612
32.751276
32.457178
32.146351
31.832750
31.520499
31.210803
30.904000
30.600167
30.299308
30.001404
29.706427
29.414350
29.125145
28.838784
28.555238
28.274480
27.996482
27.721218
27.448660
27.178782
26.911557
26.646960
26.384965
26.125545
25.868677
25.614334
25.362491
25.113125
24.866210
24.621724
24.379641
24.139938
23.902592
23.667580
23.434879
23.204465
22.976317
22.750412
22.526729
22.305244
22.085937
21.868787
21.653772
21.440870
21.230062
21.021327
20.814644
20.609993
20.407355
20.206708
20.008035
19.811315
19.616529
19.423658
19.232684
19.043587
18.856350
18.670953
18.487380
18.305611
18.125629
17.947418
17.770958
17.596233
17.423226
17.251921
17.082299
16.914346
16.748043
16.583376
16.420328
16.258883
16.099025
15.940739
15.784009
15.628821
15.475158
15.323006
15.172350
15.023175
14.875467
14.729211
14.584394
14.441000
14.299016
14.158428
14.019222
13.881385
13.744903
13.609763
13.475952
13.343457
13.212264
13.082361
12.953735
12.826374
12.700266
12.575397
12.451756
12.329330
12.208108
12.088079
11.969229
11.851548
11.735023
11.619645
11.505401
11.392280
11.280272
11.169364
11.059547
10.950810
10.843142
10.736533
10.630972
10.526448
10.422953
10.320475
10.219004
10.118532
10.019047
9.920540
9.823002
9.726422
9.630793
9.536103
9.442345
9.349508
9.257584
9.166564
9.076439
8.987200
8.898839
8.811346
8.724713
8.638932
8.553995
8.469893
8.386617
8.304161
8.222515
8.141672
8.061623
7.982362
7.903880
7.826170
7.749224
7.673034
7.597593
7.522894
7.448930
7.375693
7.303176
7.231372
7.160273
7.089874
7.020167
6.951146
6.882803
6.815132
6.748126
6.681779
6.616085
6.551036
6.486627
6.422851
6.359702
6.297175
6.235261
6.173957
6.113255
6.053151
5.993637
5.934708
5.876359
5.818583
5.761376
5.704730
5.648642
5.593106
5.538115
5.483665
5.429750
5.376366
5.323506
5.271166
5.219341
5.168025
5.117214
5.066902
5.017085
4.967758
4.918915
4.870553
4.822667
4.775251
4.728302
4.681814
4.635783
4.590204
4.545074
4.500388
4.456141
4.412329
4.368948
4.325993
4.283460
4.241346
4.199646
4.158356
4.117471
4.076989
4.036905
3.997215
3.957915
3.919001
3.880471
3.842318
3.804542
3.767136
3.730098
3.693425
3.657112
3.621156
3.585553
3.550301
3.515395
3.480832
3.446609
3.412723
3.379170
3.345946
3.313050
3.280477
3.248224
3.216288
3.184666
3.153355
3.122352
3.091654
3.061257
3.031159
3.001358
2.971849
2.942631
2.913699
2.885052
2.856687
2.828601
2.800791
2.773254
2.745988
2.718990
2.692258
2.665788
2.639579
2.613627
2.587930
2.562487
2.537293
2.512347
2.487646
2.463188
2.438971
2.414991
2.391248
2.367738
2.344459
2.321408
2.298585
2.275986
2.253609
2.231452
2.209513
2.187790
2.166280
2.144982
2.123893
2.103011
2.082335
2.061862
2.041590
2.021518
2.001643
1.981963
1.962477
1.943183
1.924078
1.905161
1.886430
1.867883
1.849519
1.831335
1.813330
1.795502
1.777849
1.760369
1.743062
1.725925
1.708956
1.692154
1.675517
1.659044
1.642733
1.626582
1.610590
1.594755
1.579076
1.563551
1.548179
1.532958
1.517886
1.502963
1.488186
1.473555
1.459067
1.444722
1.430518
1.416454
1.402528
1.388738
1.375085
1.361565
1.348179
1.334924
1.321800
1.308804
1.295936
1.283195
1.270579
1.258087
1.245718
1.233471
1.221344
1.209336
1.197446
1.185673
1.174016
1.162474
1.151045
1.139728
1.128523
1.117427
1.106441
1.095563
1.084792
1.074127
1.063566
1.053110
1.042756
1.032504
1.022353
1.012301
1.002349
0.992494
0.982736
0.973074
0.963507
0.954035
0.944655
0.935367
0.926171
0.917065
0.908049
0.899122
0.890282
0.881529
0.872862
0.864281
0.855783
0.847370
0.839039
0.830789
0.822621
0.814534
0.806526
0.798596
0.790745
0.782970
0.775273
0.767650
0.760103
0.752630
0.745231
0.737904
0.730649
0.723466
0.716353
0.709310
0.702336
0.695431
0.688594
0.681824
0.675121
0.668483
0.661911
0.655403
0.648960
0.642580
0.636262
0.630007
0.623813
0.617680
0.611607
0.605594
0.599640
0.593744
0.587907
0.582127
0.576404
0.570737
0.565126
0.559570
0.554068
0.548621
0.543227
0.537886
0.532598
0.527362
0.522177
0.517043
0.511960
0.506927
0.501943
0.497008
0.492121
0.487283
0.482492
0.477749
0.473052
0.468401
0.463796
0.459236
0.454721
0.450251
0.445824
0.441441
0.437101
0.432803
0.428548
0.424335
0.420163
0.416032
0.411942
0.407892
0.403882
0.399911
0.395979
0.392086
0.388232
0.384415
0.380635
0.376893
0.373188
0.369519
0.365886
0.362289
0.358727
0.355200
0.351708
0.348250
0.344826
0.341436
0.338079
0.334755
0.331464
0.328206
0.324979
0.321784
0.318620
0.315488
0.312386
0.309315
0.306274
0.303263
0.300281
0.297329
0.294406
0.291511
0.288645
0.285808
0.282998
0.280215
0.277460
0.274733
0.272032
0.269357
0.266709
0.264087
0.261490
0.258920
0.256374
0.253854
0.251358
0.248887
0.246440
0.244017
0.241618
0.239242
0.236890
0.234561
0.232255
0.229972
0.227711
0.225472
0.223255
0.221061
0.218887
0.216735
0.214604
0.212495
0.210405
0.208337
0.206289
0.204261
0.202252
0.200264
0.198295
0.196346
0.194415
0.192504
0.190611
0.188737
0.186882
0.185044
0.183225
0.181424
0.179640
0.177874
0.176125
0.174394
0.172679
0.170982
0.169301
0.167636
0.165988
0.164356
0.162740
0.161140
0.159556
0.157987
0.156434
0.154896
0.153373
0.151866
0.150373
0.148894
0.147430
0.145981
0.144546
0.143125
0.141718
0.140324
0.138945
0.137579
0.136226
0.134887
0.133561
0.132248
0.130947
0.129660
0.128385
0.127123
0.125873
0.124636
0.123411
0.122197
0.120996
0.119806
0.118628
0.117462
0.116307
0.115164
0.114032
0.112911
0.111801
0.110701
0.109613
0.108535
0.107468
0.106412
0.105366
0.104330
0.103304
0.102288
0.101283
0.100287
0.099301
0.098325
0.097358
0.096401
0.095453
0.094515
0.093586
0.092666
0.091755
0.090853
0.089959
0.089075
0.088199
0.087332
0.086474
0.085623
0.084782
0.083948
0.083123
0.082306
0.081496
0.080695
0.079902
0.079116
0.078339
0.077568
0.076806
0.076051
0.075303
0.074563
0.073830
0.073104
0.072385
0.071673
0.070969
0.070271
0.069580
0.068896
0.068219
0.067548
0.066884
0.066227
0.065575
0.064931
0.064292
0.063660
0.063034
0.062415
0.061801
0.061194
0.060592
0.059996
0.059406
0.058822
0.058244
0.057671
0.057105
0.056543
0.055987
0.055437
0.054892
0.054352
0.053818
0.053289
0.052765
0.052246
0.051732
0.051224
0.050720
0.050222
0.049728
0.049239
0.048755
0.048276
0.047801
0.047331
0.046866
0.046405
0.045949
0.045497
0.045050
0.044607
0.044168
0.043734
0.043304
0.042878
0.042457
0.042039
0.041626
0.041217
0.040812
0.040410
0.040013
0.039620
0.039230
0.038845
0.038463
0.038085
0.037710
0.037339
0.036972
0.036609
0.036249
0.035893
0.035540
0.035190
0.034844
0.034502
0.034163
0.033827
0.033494
0.033165
0.032839
0.032516
0.032196
0.031880
0.031566
0.031256
0.030949
0.030645
0.030343
0.030045
0.029750
0.029457
0.029168
0.028881
0.028597
0.028316
0.028037
0.027762
0.027489
0.027219
0.026951
0.026686
0.026424
0.026164
0.025907
0.025652
0.025400
0.025150
0.024903
0.024658
0.024416
0.024176
0.023938
0.023703
0.023470
0.023239
0.023010
0.022784
0.022560
0.022338
0.022119
0.021901
0.021686
0.021473
0.021262
0.021053
0.020846
0.020641
0.020438
0.020237
0.020038
0.019841
0.019646
0.019453
0.019261
0.019072
0.018885
0.018699
0.018515
0.018333
0.018153
0.017974
0.017798
0.017623
0.017449
0.017278
0.017108
0.016940
0.016773
0.016608
0.016445
0.016284
0.016123
0.015965
0.015808
0.015653
0.015499
0.015346
0.015195
0.015046
0.014898
0.014752
0.014607
0.014463
0.014321
0.014180
0.014041
0.013903
0.013766
0.013631
0.013497
0.013364
0.013233
0.013102
0.012974
0.012846
0.012720
0.012595
0.012471
0.012348
0.012227
0.012107
0.011988
0.011870
0.011753
0.011638
0.011523
0.011410
0.011298
0.011187
0.011077
0.010968
0.010860
0.010753
0.010648
0.010543
0.010439
0.010337
0.010235
0.010134
0.010035
0.009936
0.009838
0.009742
0.009646
0.009551
0.009457
0.009364
0.009272
0.009181
0.009091
0.009001
0.008913
0.008825
0.008738
0.008653
0.008567
0.008483
0.008400
0.008317
0.008236
0.008155
0.008074
0.007995
0.007916
0.007839
0.007762
0.007685
0.007610
0.007535
0.007461
0.007387
0.007315
0.007243
0.007172
0.007101
0.007031
0.006962
0.006894
0.006826
0.006759
0.006692
0.006627
0.006562
0.006497
0.006433
0.006370
0.006307
0.006245
0.006184
0.006123
0.006063
0.006003
0.005944
0.005886
0.005828
0.005771
0.005714
0.005658
0.005602
0.005547
0.005493
0.005439
0.005385
0.005332
0.005280
0.005228
0.005176
0.005126
0.005075
0.005025
0.004976
0.004927
0.004878
0.004831
0.004783
0.004736
0.004689
0.004643
0.004598
0.004553
0.004508
0.004463
0.004420
0.004376
0.004333
0.004290
0.004248
0.004207
0.004165
0.004124
0.004084
0.004044
0.004004
0.003964
0.003925
0.003887
0.003849
0.003811
0.003773
0.003736
0.003700
0.003663
0.003627
0.003591
0.003556
0.003521
0.003487
0.003452
0.003418
0.003385
0.003351
0.003319
0.003286
0.003254
0.003222
0.003190
0.003159
0.003128
0.003097
0.003066
0.003036
0.003006
0.002977
0.002948
0.002919
0.002890
0.002861
0.002833
0.002805
0.002778
0.002751
0.002724
0.002697
0.002670
0.002644
0.002618
0.002592
0.002567
0.002542
0.002517
0.002492
0.002467
0.002443
0.002419
0.002395
0.002372
0.002348
0.002325
0.002302
0.002280
0.002257
0.002235
0.002213
0.002191
0.002170
0.002149
0.002127
0.002107
0.002086
0.002065
0.002045
0.002025
0.002005
0.001985
0.001966
0.001946
0.001927
0.001908
0.001890
0.001871
0.001853
0.001834
0.001816
0.001798
0.001781
