16.841763
28.696444
31.894011
32.589758
32.564080
32.331933
32.042249
31.738083
31.431869
31.127181
30.825035
30.525702
30.229241
29.935650
29.644907
29.356987
29.071863
28.789508
28.509896
28.232999
27.958792
27.687248
27.418341
27.152046
26.888338
26.627190
26.368579
26.112480
25.858868
25.607719
25.359010
25.112716
24.868814
24.627281
24.388094
24.151230
23.916667
23.684382
23.454352
23.226557
23.000975
22.777583
22.556361
22.337288
22.120342
21.905503
21.692751
21.482066
21.273426
21.066813
20.862207
20.659588
20.458937
20.260234
20.063462
19.868600
19.675631
19.484537
19.295298
19.107897
18.922317
18.738539
18.556546
18.376320
18.197845
18.021103
17.846078
17.672752
17.501110
17.331136
17.162812
16.996122
16.831052
16.667585
16.505706
16.345399
16.186648
16.029440
15.873759
15.719589
15.566917
15.415728
15.266007
15.117740
14.970913
14.825513
14.681524
14.538934
14.397729
14.257895
14.119420
13.982289
13.846490
13.712010
13.578836
13.446956
13.316357
13.187025
13.058951
12.932119
12.806520
12.682141
12.558969
12.436994
12.316204
12.196587
12.078131
11.960826
11.844660
11.729623
11.615703
11.502889
11.391171
11.280538
11.170979
11.062485
10.955044
10.848647
10.743283
10.638942
10.535615
10.433291
10.331962
10.231616
10.132245
10.033839
9.936389
9.839885
9.744318
9.649680
9.555961
9.463152
9.371244
9.280229
9.190098
9.100843
9.012454
8.924924
8.838244
8.752405
8.667401
8.583222
8.499860
8.417309
8.335559
8.254603
8.174433
8.095042
8.016421
7.938565
7.861465
7.785113
7.709503
7.634627
7.560479
7.487051
7.414336
7.342327
7.271017
7.200400
7.130469
7.061217
6.992638
6.924724
6.857471
6.790870
6.724917
6.659604
6.594925
6.530874
6.467446
6.404633
6.342431
6.280832
6.219832
6.159425
6.099604
6.040364
5.981699
5.923605
5.866074
5.809102
5.752684
5.696813
5.641485
5.586695
5.532436
5.478705
5.425495
5.372802
5.320621
5.268947
5.217775
5.167099
5.116916
5.067220
5.018007
4.969272
4.921010
4.873217
4.825888
4.779018
4.732604
4.686641
4.641124
4.596049
4.551412
4.507209
4.463434
4.420085
4.377157
4.334646
4.292548
4.250858
4.209574
4.168690
4.128204
4.088110
4.048406
4.009088
3.970152
3.931594
3.893410
3.855597
3.818151
3.781069
3.744347
3.707982
3.671970
3.636308
3.600992
3.566019
3.531386
3.497089
3.463125
3.429491
3.396184
3.363200
3.330537
3.298190
3.266158
3.234437
3.203025
3.171917
3.141111
3.110605
3.080394
3.050478
3.020851
2.991513
2.962459
2.933688
2.905196
2.876981
2.849039
2.821370
2.793968
2.766833
2.739962
2.713352
2.687000
2.660903
2.635061
2.609469
2.584126
2.559029
2.534176
2.509564
2.485191
2.461055
2.437153
2.413484
2.390044
2.366832
2.343845
2.321082
2.298540
2.276217
2.254110
2.232218
2.210539
2.189070
2.167810
2.146756
2.125907
2.105261
2.084814
2.064567
2.044516
2.024660
2.004996
1.985524
1.966240
1.947144
1.928234
1.909507
1.890962
1.872597
1.854411
1.836401
1.818566
1.800904
1.783414
1.766093
1.748941
1.731955
1.715135
1.698478
1.681982
1.665647
1.649470
1.633451
1.617587
1.601877
1.586320
1.570913
1.555657
1.540548
1.525587
1.510770
1.496098
1.481568
1.467179
1.452930
1.438819
1.424846
1.411008
1.397304
1.383734
1.370295
1.356987
1.343808
1.330757
1.317833
1.305034
1.292360
1.279809
1.267379
1.255071
1.242881
1.230811
1.218857
1.207020
1.195297
1.183689
1.172193
1.160809
1.149535
1.138371
1.127315
1.116367
1.105525
1.094788
1.084156
1.073627
1.063200
1.052874
1.042649
1.032523
1.022495
1.012565
1.002731
0.992992
0.983349
0.973798
0.964341
0.954976
0.945701
0.936516
0.927421
0.918414
0.909495
0.900662
0.891915
0.883253
0.874675
0.866180
0.857768
0.849437
0.841188
0.833018
0.824928
0.816916
0.808983
0.801126
0.793346
0.785641
0.778011
0.770455
0.762972
0.755563
0.748225
0.740958
0.733762
0.726636
0.719579
0.712590
0.705670
0.698817
0.692030
0.685309
0.678653
0.672062
0.665536
0.659072
0.652671
0.646333
0.640056
0.633839
0.627684
0.621588
0.615551
0.609573
0.603653
0.597790
0.591985
0.586236
0.580542
0.574904
0.569321
0.563792
0.558316
0.552894
0.547524
0.542207
0.536941
0.531726
0.526562
0.521449
0.516384
0.511369
0.506403
0.501485
0.496615
0.491792
0.487016
0.482286
0.477602
0.472964
0.468370
0.463822
0.459317
0.454856
0.450439
0.446064
0.441732
0.437442
0.433194
0.428987
0.424821
0.420695
0.416609
0.412563
0.408557
0.404589
0.400659
0.396768
0.392915
0.389099
0.385320
0.381578
0.377872
0.374203
0.370569
0.366970
0.363406
0.359876
0.356381
0.352920
0.349493
0.346099
0.342738
0.339409
0.336113
0.332848
0.329616
0.326415
0.323245
0.320106
0.316997
0.313918
0.310869
0.307850
0.304861
0.301900
0.298968
0.296064
0.293189
0.290342
0.287522
0.284730
0.281965
0.279226
0.276514
0.273829
0.271170
0.268536
0.265928
0.263346
0.260788
0.258255
0.255747
0.253264
0.250804
0.248368
0.245956
0.243568
0.241202
0.238860
0.236540
0.234243
0.231968
0.229715
0.227484
0.225275
0.223087
0.220921
0.218775
0.216650
0.214546
0.212463
0.210399
0.208356
0.206333
0.204329
0.202344
0.200379
0.198433
0.196506
0.194598
0.192708
0.190836
0.188983
0.187148
0.185330
0.183530
0.181748
0.179983
0.178235
0.176504
0.174790
0.173092
0.171411
0.169747
0.168098
0.166466
0.164849
0.163248
0.161663
0.160093
0.158538
0.156998
0.155474
0.153964
0.152468
0.150988
0.149521
0.148069
0.146631
0.145207
0.143797
0.142401
0.141018
0.139648
0.138292
0.136949
0.135619
0.134302
0.132998
0.131706
0.130427
0.129160
0.127906
0.126664
0.125434
0.124215
0.123009
0.121814
0.120631
0.119460
0.118300
0.117151
0.116013
0.114887
0.113771
0.112666
0.111572
0.110488
0.109415
0.108353
0.107300
0.106258
0.105226
0.104204
0.103192
0.102190
0.101198
0.100215
0.099242
0.098278
0.097324
0.096378
0.095442
0.094516
0.093598
0.092689
0.091789
0.090897
0.090014
0.089140
0.088275
0.087417
0.086568
0.085728
0.084895
0.084071
0.083254
0.082446
0.081645
0.080852
0.080067
0.079289
0.078519
0.077757
0.077002
0.076254
0.075513
0.074780
0.074054
0.073334
0.072622
0.071917
0.071219
0.070527
0.069842
0.069164
0.068492
0.067827
0.067168
0.066516
0.065870
0.065230
0.064597
0.063969
0.063348
0.062733
0.062124
0.061520
0.060923
0.060331
0.059745
0.059165
0.058591
0.058022
0.057458
0.056900
0.056348
0.055800
0.055258
0.054722
0.054190
0.053664
0.053143
0.052627
0.052116
0.051610
0.051108
0.050612
0.050121
0.049634
0.049152
0.048674
0.048202
0.047734
0.047270
0.046811
0.046356
0.045906
0.045460
0.045019
0.044582
0.044149
0.043720
0.043295
0.042875
0.042459
0.042046
0.041638
0.041234
0.040833
0.040437
0.040044
0.039655
0.039270
0.038889
0.038511
0.038137
0.037767
0.037400
0.037037
0.036677
0.036321
0.035968
0.035619
0.035273
0.034930
0.034591
0.034255
0.033922
0.033593
0.033267
0.032944
0.032624
0.032307
0.031993
0.031682
0.031375
0.031070
0.030768
0.030470
0.030174
0.029881
0.029590
0.029303
0.029019
0.028737
0.028458
0.028181
0.027908
0.027637
0.027368
0.027102
0.026839
0.026579
0.026320
0.026065
0.025812
0.025561
0.025313
0.025067
0.024824
0.024582
0.024344
0.024107
0.023873
0.023641
0.023412
0.023184
0.022959
0.022736
0.022516
0.022297
0.022080
0.021866
0.021654
0.021443
0.021235
0.021029
0.020825
0.020622
0.020422
0.020224
0.020027
0.019833
0.019640
0.019450
0.019261
0.019074
0.018888
0.018705
0.018523
0.018343
0.018165
0.017989
0.017814
0.017641
0.017470
0.017300
0.017132
0.016966
0.016801
0.016638
0.016476
0.016316
0.016158
0.016001
0.015846
0.015692
0.015539
0.015388
0.015239
0.015091
0.014944
0.014799
0.014656
0.014513
0.014372
0.014233
0.014094
0.013958
0.013822
0.013688
0.013555
0.013423
0.013293
0.013164
0.013036
0.012909
0.012784
0.012660
0.012537
0.012415
0.012295
0.012175
0.012057
0.011940
0.011824
0.011709
0.011595
0.011483
0.011371
0.011261
0.011151
0.011043
0.010936
0.010830
0.010725
0.010620
0.010517
0.010415
0.010314
0.010214
0.010115
0.010016
0.009919
0.009823
0.009727
0.009633
0.009539
0.009447
0.009355
0.009264
0.009174
0.009085
0.008997
0.008910
0.008823
0.008737
0.008652
0.008568
0.008485
0.008403
0.008321
0.008240
0.008160
0.008081
0.008003
0.007925
0.007848
0.007772
0.007696
0.007622
0.007548
0.007474
0.007402
0.007330
0.007259
0.007188
0.007118
0.007049
0.006981
0.006913
0.006846
0.006779
0.006713
0.006648
0.006584
0.006520
0.006456
0.006394
0.006332
0.006270
0.006209
0.006149
0.006089
0.006030
0.005972
0.005914
0.005856
0.005799
0.005743
0.005687
0.005632
0.005577
0.005523
0.005469
0.005416
0.005364
0.005312
0.005260
0.005209
0.005158
0.005108
0.005059
0.005010
0.004961
0.004913
0.004865
0.004818
0.004771
0.004725
0.004679
0.004633
0.004588
0.004544
0.004500
0.004456
0.004413
0.004370
0.004327
0.004285
0.004244
0.004203
0.004162
0.004121
0.004081
0.004042
0.004002
0.003964
0.003925
0.003887
0.003849
0.003812
0.003775
0.003738
0.003702
0.003666
0.003630
0.003595
0.003560
0.003526
0.003491
0.003457
0.003424
0.003391
0.003358
0.003325
0.003293
0.003261
0.003229
0.003198
0.003167
0.003136
0.003105
0.003075
0.003045
0.003016
0.002987
0.002958
0.002929
0.002900
0.002872
0.002844
0.002817
0.002789
0.002762
0.002735
0.002709
0.002683
0.002657
0.002631
0.002605
0.002580
0.002555
0.002530
0.002505
0.002481
0.002457
0.002433
0.002409
0.002386
0.002363
0.002340
0.002317
0.002295
0.002272
0.002250
0.002229
0.002207
0.002185
0.002164
0.002143
0.002122
0.002102
0.002081
0.002061
0.002041
0.002021
0.002002
0.001982
