16.730091
28.570745
31.720253
32.391590
32.357870
32.125108
31.837695
31.536818
31.234211
30.933203
30.634724
30.339018
30.046137
29.756074
29.468809
29.184317
28.902571
28.623545
28.347213
28.073548
27.802526
27.534120
27.268305
27.005056
26.744349
26.486159
26.230461
25.977232
25.726448
25.478084
25.232119
24.988528
24.747289
24.508378
24.271774
24.037455
23.805397
23.575580
23.347981
23.122580
22.899355
22.678285
22.459349
22.242527
22.027798
21.815141
21.604538
21.395969
21.189412
20.984850
20.782263
20.581631
20.382937
20.186160
19.991284
19.798288
19.607156
19.417869
19.230410
19.044760
18.860902
18.678820
18.498495
18.319911
18.143052
17.967899
17.794438
17.622651
17.452523
17.284037
17.117178
16.951929
16.788276
16.626203
16.465694
16.306735
16.149311
15.993406
15.839007
15.686098
15.534665
15.384695
15.236172
15.089083
14.943414
14.799151
14.656281
14.514790
14.374665
14.235893
14.098461
13.962355
13.827564
13.694073
13.561872
13.430947
13.301285
13.172876
13.045706
12.919764
12.795037
12.671515
12.549185
12.428037
12.308057
12.189237
12.071563
11.955025
11.839612
11.725314
11.612119
11.500016
11.388996
11.279048
11.170161
11.062326
10.955531
10.849768
10.745025
10.641294
10.538564
10.436826
10.336070
10.236286
10.137466
10.039600
9.942679
9.846694
9.751635
9.657494
9.564262
9.471929
9.380489
9.289930
9.200247
9.111429
9.023468
8.936357
8.850086
8.764649
8.680036
8.596240
8.513253
8.431067
8.349675
8.269068
8.189240
8.110182
8.031887
7.954349
7.877559
7.801510
7.726195
7.651608
7.577740
7.504586
7.432138
7.360389
7.289333
7.218963
7.149272
7.080254
7.011902
6.944211
6.877172
6.810781
6.745031
6.679916
6.615429
6.551565
6.488317
6.425680
6.363647
6.302214
6.241373
6.181120
6.121449
6.062354
6.003829
5.945869
5.888468
5.831622
5.775325
5.719571
5.664355
5.609673
5.555518
5.501886
5.448772
5.396170
5.344077
5.292486
5.241394
5.190794
5.140683
5.091056
5.041908
4.993235
4.945031
4.897293
4.850015
4.803194
4.756825
4.710904
4.665426
4.620387
4.575782
4.531609
4.487862
4.444537
4.401630
4.359138
4.317056
4.275380
4.234106
4.193231
4.152751
4.112661
4.072958
4.033639
3.994699
3.956135
3.917943
3.880121
3.842663
3.805567
3.768829
3.732445
3.696413
3.660729
3.625389
3.590390
3.555730
3.521404
3.487409
3.453742
3.420401
3.387381
3.354680
3.322295
3.290222
3.258459
3.227003
3.195850
3.164998
3.134444
3.104185
3.074218
3.044541
3.015149
2.986042
2.957215
2.928667
2.900395
2.872395
2.844666
2.817204
2.790008
2.763074
2.736400
2.709983
2.683822
2.657913
2.632254
2.606843
2.581678
2.556755
2.532073
2.507629
2.483421
2.459447
2.435704
2.412190
2.388904
2.365842
2.343003
2.320384
2.297984
2.275800
2.253830
2.232072
2.210524
2.189185
2.168051
2.147121
2.126394
2.105866
2.085537
2.065404
2.045465
2.025719
2.006163
1.986796
1.967616
1.948621
1.929810
1.911180
1.892730
1.874459
1.856363
1.838443
1.820695
1.803118
1.785712
1.768473
1.751401
1.734493
1.717749
1.701167
1.684744
1.668480
1.652373
1.636422
1.620624
1.604979
1.589485
1.574141
1.558945
1.543895
1.528991
1.514231
1.499613
1.485136
1.470799
1.456601
1.442539
1.428614
1.414822
1.401164
1.387638
1.374242
1.360976
1.347837
1.334826
1.321940
1.309178
1.296540
1.284024
1.271628
1.259352
1.247195
1.235155
1.223231
1.211423
1.199728
1.188146
1.176676
1.165317
1.154068
1.142927
1.131894
1.120967
1.110145
1.099428
1.088815
1.078304
1.067894
1.057585
1.047376
1.037265
1.027252
1.017335
1.007514
0.997788
0.988156
0.978616
0.969169
0.959813
0.950548
0.941371
0.932284
0.923284
0.914371
0.905544
0.896802
0.888145
0.879571
0.871080
0.862671
0.854343
0.846096
0.837928
0.829839
0.821828
0.813894
0.806037
0.798256
0.790550
0.782919
0.775361
0.767876
0.760463
0.753122
0.745852
0.738651
0.731521
0.724459
0.717465
0.710539
0.703680
0.696887
0.690160
0.683497
0.676899
0.670365
0.663893
0.657484
0.651137
0.644851
0.638626
0.632461
0.626356
0.620309
0.614321
0.608391
0.602518
0.596701
0.590941
0.585236
0.579587
0.573992
0.568451
0.562963
0.557528
0.552146
0.546816
0.541537
0.536310
0.531132
0.526005
0.520927
0.515899
0.510918
0.505986
0.501102
0.496264
0.491474
0.486729
0.482031
0.477377
0.472769
0.468205
0.463685
0.459209
0.454776
0.450386
0.446038
0.441732
0.437468
0.433245
0.429063
0.424921
0.420819
0.416756
0.412733
0.408749
0.404803
0.400895
0.397025
0.393193
0.389397
0.385638
0.381915
0.378228
0.374577
0.370961
0.367380
0.363834
0.360321
0.356843
0.353398
0.349987
0.346608
0.343262
0.339948
0.336667
0.333417
0.330198
0.327011
0.323854
0.320727
0.317631
0.314565
0.311528
0.308521
0.305543
0.302593
0.299672
0.296779
0.293914
0.291077
0.288267
0.285485
0.282729
0.279999
0.277296
0.274619
0.271968
0.269343
0.266743
0.264168
0.261618
0.259092
0.256591
0.254114
0.251661
0.249232
0.246826
0.244443
0.242083
0.239746
0.237432
0.235140
0.232870
0.230622
0.228396
0.226191
0.224008
0.221845
0.219704
0.217583
0.215482
0.213402
0.211342
0.209302
0.207281
0.205280
0.203299
0.201336
0.199393
0.197468
0.195562
0.193674
0.191804
0.189953
0.188119
0.186303
0.184505
0.182723
0.180960
0.179213
0.177483
0.175769
0.174073
0.172392
0.170728
0.169080
0.167448
0.165831
0.164231
0.162645
0.161075
0.159520
0.157980
0.156455
0.154945
0.153449
0.151968
0.150501
0.149048
0.147609
0.146184
0.144773
0.143376
0.141991
0.140621
0.139263
0.137919
0.136588
0.135269
0.133963
0.132670
0.131389
0.130121
0.128865
0.127621
0.126389
0.125169
0.123961
0.122764
0.121579
0.120405
0.119243
0.118092
0.116952
0.115823
0.114705
0.113598
0.112501
0.111415
0.110339
0.109274
0.108219
0.107175
0.106140
0.105116
0.104101
0.103096
0.102101
0.101115
0.100139
0.099172
0.098215
0.097267
0.096328
0.095398
0.094477
0.093565
0.092662
0.091767
0.090882
0.090004
0.089135
0.088275
0.087423
0.086579
0.085743
0.084915
0.084096
0.083284
0.082480
0.081684
0.080895
0.080114
0.079341
0.078575
0.077817
0.077065
0.076321
0.075585
0.074855
0.074132
0.073417
0.072708
0.072006
0.071311
0.070623
0.069941
0.069266
0.068597
0.067935
0.067279
0.066630
0.065987
0.065350
0.064719
0.064094
0.063475
0.062863
0.062256
0.061655
0.061060
0.060470
0.059886
0.059308
0.058736
0.058169
0.057607
0.057051
0.056501
0.055955
0.055415
0.054880
0.054350
0.053826
0.053306
0.052791
0.052282
0.051777
0.051277
0.050782
0.050292
0.049807
0.049326
0.048850
0.048378
0.047911
0.047449
0.046991
0.046537
0.046088
0.045643
0.045202
0.044766
0.044334
0.043906
0.043482
0.043062
0.042647
0.042235
0.041827
0.041423
0.041024
0.040628
0.040235
0.039847
0.039462
0.039081
0.038704
0.038330
0.037960
0.037594
0.037231
0.036872
0.036516
0.036163
0.035814
0.035469
0.035126
0.034787
0.034451
0.034119
0.033789
0.033463
0.033140
0.032820
0.032503
0.032190
0.031879
0.031571
0.031266
0.030965
0.030666
0.030370
0.030076
0.029786
0.029499
0.029214
0.028932
0.028653
0.028376
0.028102
0.027831
0.027562
0.027296
0.027033
0.026772
0.026513
0.026257
0.026004
0.025753
0.025504
0.025258
0.025014
0.024773
0.024534
0.024297
0.024062
0.023830
0.023600
0.023372
0.023146
0.022923
0.022702
0.022483
0.022266
0.022051
0.021838
0.021627
0.021418
0.021211
0.021007
0.020804
0.020603
0.020404
0.020207
0.020012
0.019819
0.019628
0.019438
0.019251
0.019065
0.018881
0.018698
0.018518
0.018339
0.018162
0.017987
0.017813
0.017641
0.017471
0.017302
0.017135
0.016970
0.016806
0.016644
0.016483
0.016324
0.016167
0.016010
0.015856
0.015703
0.015551
0.015401
0.015253
0.015105
0.014959
0.014815
0.014672
0.014530
0.014390
0.014251
0.014114
0.013977
0.013843
0.013709
0.013577
0.013445
0.013316
0.013187
0.013060
0.012934
0.012809
0.012685
0.012563
0.012442
0.012321
0.012203
0.012085
0.011968
0.011853
0.011738
0.011625
0.011513
0.011401
0.011291
0.011182
0.011074
0.010968
0.010862
0.010757
0.010653
0.010550
0.010448
0.010348
0.010248
0.010149
0.010051
0.009954
0.009858
0.009762
0.009668
0.009575
0.009482
0.009391
0.009300
0.009211
0.009122
0.009034
0.008946
0.008860
0.008774
0.008690
0.008606
0.008523
0.008441
0.008359
0.008278
0.008198
0.008119
0.008041
0.007963
0.007886
0.007810
0.007735
0.007660
0.007586
0.007513
0.007441
0.007369
0.007298
0.007227
0.007157
0.007088
0.007020
0.006952
0.006885
0.006819
0.006753
0.006688
0.006623
0.006559
0.006496
0.006433
0.006371
0.006309
0.006249
0.006188
0.006128
0.006069
0.006011
0.005953
0.005895
0.005838
0.005782
0.005726
0.005671
0.005616
0.005562
0.005508
0.005455
0.005402
0.005350
0.005299
0.005247
0.005197
0.005147
0.005097
0.005048
0.004999
0.004951
0.004903
0.004856
0.004809
0.004762
0.004716
0.004671
0.004626
0.004581
0.004537
0.004493
0.004450
0.004407
0.004364
0.004322
0.004280
0.004239
0.004198
0.004158
0.004117
0.004078
0.004038
0.003999
0.003961
0.003923
0.003885
0.003847
0.003810
0.003773
0.003737
0.003701
0.003665
0.003630
0.003595
0.003560
0.003526
0.003492
0.003458
0.003424
0.003391
0.003359
0.003326
0.003294
0.003262
0.003231
0.003200
0.003169
0.003138
0.003108
0.003078
0.003048
0.003019
0.002990
0.002961
0.002932
0.002904
0.002876
0.002848
0.002821
0.002793
0.002766
0.002740
0.002713
0.002687
0.002661
0.002635
0.002610
0.002585
0.002560
0.002535
0.002511
0.002486
0.002462
0.002439
0.002415
0.002392
0.002369
0.002346
0.002323
0.002301
0.002278
0.002256
0.002235
0.002213
0.002192
0.002171
0.002150
0.002129
0.002108
0.002088
