16.510150
28.319390
31.374462
31.999135
31.950602
31.717121
31.434347
31.139955
30.844393
30.550546
30.259194
29.970538
29.684611
29.401406
29.120901
28.843072
28.567893
28.295340
28.025387
27.758009
27.493183
27.230883
26.971085
26.713767
26.458903
26.206471
25.956447
25.708808
25.463533
25.220597
24.979979
24.741657
24.505608
24.271811
24.040246
23.810889
23.583720
23.358719
23.135865
22.915137
22.696514
22.479978
22.265507
22.053082
21.842685
21.634294
21.427892
21.223459
21.020976
20.820425
20.621788
20.425045
20.230180
20.037174
19.846009
19.656668
19.469133
19.283388
19.099415
18.917197
18.736717
18.557960
18.380907
18.205544
18.031855
17.859822
17.689430
17.520664
17.353509
17.187948
17.023966
16.861549
16.700682
16.541349
16.383537
16.227230
16.072414
15.919076
15.767200
15.616773
15.467782
15.320212
15.174050
15.029282
14.885896
14.743877
14.603214
14.463892
14.325900
14.189224
14.053852
13.919772
13.786971
13.655437
13.525158
13.396121
13.268316
13.141730
13.016352
12.892170
12.769173
12.647350
12.526688
12.407178
12.288808
12.171567
12.055445
11.940430
11.826513
11.713683
11.601930
11.491242
11.381610
11.273025
11.165475
11.058952
10.953445
10.848944
10.745440
10.642924
10.541386
10.440817
10.341207
10.242547
10.144829
10.048043
9.952180
9.857232
9.763190
9.670045
9.577789
9.486413
9.395908
9.306267
9.217482
9.129543
9.042444
8.956175
8.870729
8.786099
8.702276
8.619253
8.537021
8.455575
8.374905
8.295005
8.215868
8.137485
8.059850
7.982956
7.906795
7.831361
7.756647
7.682645
7.609350
7.536754
7.464850
7.393633
7.323095
7.253229
7.184031
7.115492
7.047608
6.980371
6.913775
6.847815
6.782485
6.717777
6.653687
6.590208
6.527335
6.465062
6.403383
6.342292
6.281784
6.221854
6.162495
6.103703
6.045471
5.987795
5.930669
5.874089
5.818048
5.762541
5.707565
5.653112
5.599180
5.545762
5.492853
5.440449
5.388545
5.337137
5.286219
5.235786
5.185835
5.136360
5.087358
5.038823
4.990750
4.943137
4.895978
4.849268
4.803005
4.757183
4.711797
4.666845
4.622322
4.578223
4.534546
4.491285
4.448436
4.405997
4.363962
4.322328
4.281092
4.240249
4.199796
4.159728
4.120043
4.080737
4.041805
4.003245
3.965053
3.927225
3.889758
3.852648
3.815893
3.779488
3.743431
3.707717
3.672344
3.637309
3.602608
3.568238
3.534196
3.500479
3.467083
3.434006
3.401245
3.368796
3.336656
3.304824
3.273295
3.242067
3.211136
3.180501
3.150158
3.120105
3.090338
3.060855
3.031654
3.002731
2.974084
2.945711
2.917608
2.889773
2.862204
2.834897
2.807852
2.781064
2.754532
2.728253
2.702225
2.676445
2.650911
2.625620
2.600571
2.575761
2.551188
2.526849
2.502742
2.478865
2.455216
2.431793
2.408593
2.385614
2.362855
2.340312
2.317985
2.295871
2.273968
2.252274
2.230786
2.209504
2.188425
2.167547
2.146868
2.126386
2.106100
2.086007
2.066106
2.046395
2.026872
2.007535
1.988383
1.969413
1.950624
1.932015
1.913583
1.895327
1.877245
1.859336
1.841597
1.824028
1.806627
1.789391
1.772320
1.755411
1.738664
1.722077
1.705648
1.689376
1.673259
1.657296
1.641485
1.625825
1.610314
1.594951
1.579735
1.564664
1.549737
1.534952
1.520308
1.505804
1.491438
1.477210
1.463117
1.449159
1.435333
1.421640
1.408077
1.394644
1.381339
1.368160
1.355108
1.342180
1.329375
1.316693
1.304131
1.291690
1.279367
1.267161
1.255072
1.243099
1.231239
1.219493
1.207859
1.196336
1.184922
1.173618
1.162422
1.151332
1.140348
1.129469
1.118694
1.108021
1.097450
1.086980
1.076610
1.066339
1.056166
1.046090
1.036111
1.026226
1.016436
1.006739
0.997134
0.987621
0.978199
0.968867
0.959624
0.950469
0.941401
0.932420
0.923525
0.914714
0.905988
0.897345
0.888784
0.880305
0.871906
0.863588
0.855349
0.847189
0.839107
0.831102
0.823173
0.815320
0.807542
0.799838
0.792207
0.784649
0.777164
0.769749
0.762406
0.755132
0.747928
0.740793
0.733726
0.726726
0.719793
0.712926
0.706125
0.699388
0.692716
0.686107
0.679562
0.673079
0.666657
0.660297
0.653998
0.647759
0.641579
0.635458
0.629396
0.623392
0.617444
0.611554
0.605720
0.599941
0.594217
0.588549
0.582934
0.577373
0.571864
0.566409
0.561005
0.555653
0.550352
0.545102
0.539901
0.534751
0.529649
0.524596
0.519592
0.514635
0.509725
0.504862
0.500046
0.495275
0.490550
0.485870
0.481235
0.476644
0.472097
0.467593
0.463132
0.458714
0.454338
0.450003
0.445710
0.441458
0.437247
0.433075
0.428944
0.424852
0.420798
0.416784
0.412808
0.408870
0.404969
0.401106
0.397279
0.393489
0.389735
0.386017
0.382334
0.378687
0.375074
0.371496
0.367952
0.364442
0.360965
0.357521
0.354110
0.350732
0.347386
0.344072
0.340790
0.337539
0.334318
0.331129
0.327970
0.324841
0.321742
0.318673
0.315633
0.312621
0.309639
0.306685
0.303759
0.300861
0.297991
0.295148
0.292333
0.289544
0.286782
0.284046
0.281336
0.278652
0.275994
0.273361
0.270753
0.268170
0.265611
0.263077
0.260568
0.258082
0.255620
0.253181
0.250766
0.248374
0.246004
0.243657
0.241333
0.239030
0.236750
0.234491
0.232254
0.230039
0.227844
0.225670
0.223518
0.221385
0.219273
0.217181
0.215109
0.213057
0.211025
0.209012
0.207018
0.205043
0.203087
0.201149
0.199230
0.197330
0.195447
0.193582
0.191736
0.189907
0.188095
0.186300
0.184523
0.182763
0.181019
0.179292
0.177582
0.175888
0.174210
0.172548
0.170902
0.169271
0.167656
0.166057
0.164473
0.162904
0.161350
0.159810
0.158286
0.156776
0.155280
0.153799
0.152332
0.150878
0.149439
0.148013
0.146601
0.145203
0.143818
0.142446
0.141087
0.139741
0.138408
0.137087
0.135779
0.134484
0.133201
0.131930
0.130672
0.129425
0.128190
0.126967
0.125756
0.124557
0.123368
0.122191
0.121026
0.119871
0.118728
0.117595
0.116473
0.115362
0.114261
0.113171
0.112092
0.111022
0.109963
0.108914
0.107875
0.106846
0.105827
0.104817
0.103817
0.102827
0.101846
0.100874
0.099912
0.098959
0.098015
0.097080
0.096153
0.095236
0.094328
0.093428
0.092536
0.091654
0.090779
0.089913
0.089056
0.088206
0.087365
0.086531
0.085706
0.084888
0.084078
0.083276
0.082482
0.081695
0.080915
0.080143
0.079379
0.078622
0.077872
0.077129
0.076393
0.075664
0.074942
0.074227
0.073519
0.072818
0.072123
0.071435
0.070754
0.070079
0.069410
0.068748
0.068092
0.067443
0.066799
0.066162
0.065531
0.064906
0.064286
0.063673
0.063066
0.062464
0.061868
0.061278
0.060693
0.060114
0.059541
0.058973
0.058410
0.057853
0.057301
0.056755
0.056213
0.055677
0.055146
0.054620
0.054099
0.053582
0.053071
0.052565
0.052064
0.051567
0.051075
0.050588
0.050105
0.049627
0.049154
0.048685
0.048220
0.047760
0.047305
0.046853
0.046406
0.045964
0.045525
0.045091
0.044661
0.044235
0.043813
0.043395
0.042981
0.042571
0.042165
0.041762
0.041364
0.040969
0.040579
0.040191
0.039808
0.039428
0.039052
0.038680
0.038311
0.037945
0.037583
0.037225
0.036869
0.036518
0.036169
0.035824
0.035483
0.035144
0.034809
0.034477
0.034148
0.033822
0.033499
0.033180
0.032863
0.032550
0.032239
0.031932
0.031627
0.031325
0.031027
0.030731
0.030437
0.030147
0.029859
0.029575
0.029292
0.029013
0.028736
0.028462
0.028191
0.027922
0.027655
0.027391
0.027130
0.026871
0.026615
0.026361
0.026110
0.025861
0.025614
0.025369
0.025127
0.024888
0.024650
0.024415
0.024182
0.023952
0.023723
0.023497
0.023273
0.023051
0.022831
0.022613
0.022397
0.022184
0.021972
0.021762
0.021555
0.021349
0.021145
0.020944
0.020744
0.020546
0.020350
0.020156
0.019964
0.019773
0.019584
0.019398
0.019213
0.019029
0.018848
0.018668
0.018490
0.018314
0.018139
0.017966
0.017794
0.017625
0.017456
0.017290
0.017125
0.016962
0.016800
0.016640
0.016481
0.016324
0.016168
0.016014
0.015861
0.015710
0.015560
0.015411
0.015264
0.015119
0.014974
0.014832
0.014690
0.014550
0.014411
0.014274
0.014138
0.014003
0.013869
0.013737
0.013606
0.013476
0.013347
0.013220
0.013094
0.012969
0.012845
0.012723
0.012601
0.012481
0.012362
0.012244
0.012127
0.012012
0.011897
0.011784
0.011671
0.011560
0.011450
0.011340
0.011232
0.011125
0.011019
0.010914
0.010810
0.010707
0.010604
0.010503
0.010403
0.010304
0.010205
0.010108
0.010012
0.009916
0.009822
0.009728
0.009635
0.009543
0.009452
0.009362
0.009273
0.009184
0.009097
0.009010
0.008924
0.008839
0.008754
0.008671
0.008588
0.008506
0.008425
0.008345
0.008265
0.008186
0.008108
0.008031
0.007954
0.007878
0.007803
0.007729
0.007655
0.007582
0.007510
0.007438
0.007367
0.007297
0.007227
0.007158
0.007090
0.007022
0.006955
0.006889
0.006823
0.006758
0.006694
0.006630
0.006567
0.006504
0.006442
0.006380
0.006320
0.006259
0.006200
0.006140
0.006082
0.006024
0.005966
0.005909
0.005853
0.005797
0.005742
0.005687
0.005633
0.005579
0.005526
0.005473
0.005421
0.005369
0.005318
0.005267
0.005217
0.005167
0.005118
0.005069
0.005021
0.004973
0.004926
0.004879
0.004832
0.004786
0.004740
0.004695
0.004650
0.004606
0.004562
0.004518
0.004475
0.004433
0.004390
0.004348
0.004307
0.004266
0.004225
0.004185
0.004145
0.004105
0.004066
0.004027
0.003989
0.003951
0.003913
0.003876
0.003839
0.003802
0.003766
0.003730
0.003695
0.003659
0.003624
0.003590
0.003556
0.003522
0.003488
0.003455
0.003422
0.003389
0.003357
0.003325
0.003293
0.003262
0.003231
0.003200
0.003169
0.003139
0.003109
0.003079
0.003050
0.003021
0.002992
0.002964
0.002935
0.002907
0.002879
0.002852
0.002825
0.002798
0.002771
0.002745
0.002719
0.002693
0.002667
0.002641
0.002616
0.002591
0.002567
0.002542
0.002518
0.002494
0.002470
0.002446
0.002423
0.002400
0.002377
0.002354
0.002332
0.002310
