16.619558
28.445049
31.547056
32.194708
32.153376
31.920173
31.635065
31.337446
31.038390
30.740995
30.446114
30.153967
29.864596
29.577995
29.294142
29.013013
28.734581
28.458822
28.185709
27.915217
27.647321
27.381996
27.119217
26.858960
26.601201
26.345915
26.093079
25.842670
25.594664
25.349038
25.105769
24.864835
24.626213
24.389881
24.155817
23.924000
23.694407
23.467017
23.241810
23.018764
22.797859
22.579073
22.362388
22.147781
21.935235
21.724728
21.516241
21.309755
21.105251
20.902709
20.702111
20.503439
20.306673
20.111795
19.918787
19.727632
19.538311
19.350807
19.165103
18.981180
18.799023
18.618614
18.439936
18.262973
18.087708
17.914126
17.742209
17.571942
17.403309
17.236294
17.070882
16.907058
16.744806
16.584110
16.424957
16.267332
16.111219
15.956604
15.803473
15.651812
15.501606
15.352842
15.205505
15.059583
14.915060
14.771925
14.630163
14.489762
14.350708
14.212989
14.076591
13.941502
13.807710
13.675202
13.543965
13.413988
13.285258
13.157764
13.031493
12.906434
12.782575
12.659904
12.538411
12.418084
12.298912
12.180883
12.063987
11.948213
11.833550
11.719987
11.607514
11.496121
11.385796
11.276531
11.168314
11.061135
10.954985
10.849854
10.745732
10.642608
10.540475
10.439322
10.339139
10.239918
10.141649
10.044323
9.947931
9.852464
9.757914
9.664270
9.571526
9.479671
9.388698
9.298598
9.209363
9.120984
9.033453
8.946762
8.860904
8.775869
8.691650
8.608239
8.525629
8.443812
8.362780
8.282525
8.203041
8.124319
8.046353
7.969136
7.892659
7.816916
7.741900
7.667604
7.594021
7.521144
7.448966
7.377482
7.306683
7.236563
7.167117
7.098337
7.030217
6.962751
6.895932
6.829754
6.764212
6.699298
6.635008
6.571334
6.508272
6.445815
6.383957
6.322693
6.262016
6.201922
6.142405
6.083459
6.025078
5.967258
5.909993
5.853277
5.797106
5.741473
5.686375
5.631805
5.577759
5.524231
5.471218
5.418713
5.366712
5.315210
5.264202
5.213683
5.163650
5.114097
5.065019
5.016412
4.968272
4.920593
4.873373
4.826605
4.780286
4.734412
4.688978
4.643980
4.599414
4.555275
4.511560
4.468265
4.425385
4.382916
4.340855
4.299198
4.257941
4.217079
4.176610
4.136529
4.096832
4.057517
4.018579
3.980014
3.941820
3.903992
3.866527
3.829422
3.792673
3.756277
3.720229
3.684528
3.649169
3.614150
3.579467
3.545116
3.511095
3.477401
3.444030
3.410979
3.378246
3.345827
3.313718
3.281918
3.250423
3.219230
3.188337
3.157740
3.127437
3.097424
3.067700
3.038261
3.009104
2.980227
2.951627
2.923302
2.895249
2.867464
2.839947
2.812693
2.785701
2.758968
2.732492
2.706270
2.680299
2.654577
2.629103
2.603873
2.578885
2.554136
2.529626
2.505350
2.481308
2.457496
2.433912
2.410555
2.387423
2.364512
2.341821
2.319348
2.297090
2.275046
2.253214
2.231591
2.210175
2.188965
2.167959
2.147154
2.126549
2.106142
2.085930
2.065913
2.046087
2.026452
2.007006
1.987745
1.968670
1.949778
1.931067
1.912536
1.894182
1.876005
1.858002
1.840171
1.822512
1.805023
1.787701
1.770545
1.753554
1.736726
1.720060
1.703554
1.687206
1.671014
1.654979
1.639097
1.623367
1.607789
1.592360
1.577079
1.561944
1.546955
1.532110
1.517407
1.502846
1.488424
1.474140
1.459994
1.445983
1.432107
1.418364
1.404753
1.391272
1.377921
1.364698
1.351601
1.338631
1.325785
1.313062
1.300461
1.287982
1.275622
1.263380
1.251256
1.239249
1.227357
1.215578
1.203913
1.192360
1.180918
1.169585
1.158361
1.147245
1.136236
1.125332
1.114533
1.103837
1.093245
1.082753
1.072363
1.062072
1.051880
1.041786
1.031788
1.021887
1.012081
1.002368
0.992749
0.983222
0.973787
0.964442
0.955187
0.946021
0.936942
0.927951
0.919046
0.910227
0.901492
0.892841
0.884273
0.875787
0.867383
0.859059
0.850815
0.842650
0.834564
0.826555
0.818623
0.810768
0.802987
0.795281
0.787650
0.780091
0.772605
0.765191
0.757848
0.750575
0.743372
0.736239
0.729174
0.722176
0.715246
0.708382
0.701584
0.694852
0.688184
0.681580
0.675039
0.668561
0.662145
0.655791
0.649498
0.643265
0.637092
0.630979
0.624924
0.618927
0.612987
0.607105
0.601279
0.595509
0.589794
0.584134
0.578529
0.572977
0.567478
0.562033
0.556639
0.551298
0.546007
0.540768
0.535578
0.530439
0.525348
0.520307
0.515314
0.510369
0.505471
0.500621
0.495817
0.491059
0.486346
0.481679
0.477057
0.472479
0.467945
0.463454
0.459007
0.454602
0.450240
0.445919
0.441640
0.437402
0.433204
0.429047
0.424930
0.420852
0.416813
0.412814
0.408852
0.404929
0.401043
0.397194
0.393383
0.389608
0.385869
0.382166
0.378499
0.374867
0.371269
0.367706
0.364178
0.360683
0.357222
0.353794
0.350399
0.347036
0.343706
0.340408
0.337141
0.333906
0.330702
0.327528
0.324385
0.321272
0.318189
0.315136
0.312112
0.309117
0.306150
0.303212
0.300303
0.297421
0.294567
0.291740
0.288940
0.286168
0.283422
0.280702
0.278008
0.275340
0.272698
0.270081
0.267489
0.264923
0.262380
0.259862
0.257369
0.254899
0.252453
0.250030
0.247631
0.245255
0.242901
0.240570
0.238262
0.235975
0.233711
0.231468
0.229247
0.227047
0.224868
0.222710
0.220573
0.218457
0.216360
0.214284
0.212228
0.210191
0.208174
0.206176
0.204198
0.202238
0.200298
0.198376
0.196472
0.194586
0.192719
0.190870
0.189038
0.187224
0.185428
0.183648
0.181886
0.180140
0.178412
0.176700
0.175004
0.173325
0.171661
0.170014
0.168383
0.166767
0.165167
0.163582
0.162012
0.160457
0.158917
0.157392
0.155882
0.154386
0.152905
0.151437
0.149984
0.148545
0.147119
0.145708
0.144309
0.142925
0.141553
0.140195
0.138849
0.137517
0.136197
0.134890
0.133596
0.132314
0.131044
0.129787
0.128541
0.127308
0.126086
0.124876
0.123678
0.122491
0.121316
0.120151
0.118998
0.117856
0.116726
0.115605
0.114496
0.113397
0.112309
0.111231
0.110164
0.109107
0.108060
0.107023
0.105996
0.104979
0.103971
0.102974
0.101986
0.101007
0.100038
0.099078
0.098127
0.097185
0.096253
0.095329
0.094414
0.093508
0.092611
0.091722
0.090842
0.089970
0.089107
0.088252
0.087405
0.086566
0.085736
0.084913
0.084098
0.083291
0.082492
0.081700
0.080916
0.080140
0.079371
0.078609
0.077855
0.077108
0.076368
0.075635
0.074909
0.074190
0.073478
0.072773
0.072075
0.071383
0.070698
0.070020
0.069348
0.068682
0.068023
0.067371
0.066724
0.066084
0.065450
0.064822
0.064200
0.063583
0.062973
0.062369
0.061771
0.061178
0.060591
0.060009
0.059433
0.058863
0.058298
0.057739
0.057185
0.056636
0.056093
0.055554
0.055021
0.054493
0.053970
0.053452
0.052939
0.052431
0.051928
0.051430
0.050936
0.050448
0.049964
0.049484
0.049009
0.048539
0.048073
0.047612
0.047155
0.046703
0.046254
0.045810
0.045371
0.044936
0.044504
0.044077
0.043654
0.043235
0.042820
0.042410
0.042003
0.041600
0.041200
0.040805
0.040413
0.040026
0.039642
0.039261
0.038884
0.038511
0.038142
0.037776
0.037413
0.037054
0.036699
0.036346
0.035998
0.035652
0.035310
0.034971
0.034636
0.034303
0.033974
0.033648
0.033325
0.033006
0.032689
0.032375
0.032064
0.031757
0.031452
0.031150
0.030851
0.030555
0.030262
0.029972
0.029684
0.029399
0.029117
0.028838
0.028561
0.028287
0.028015
0.027747
0.027480
0.027217
0.026955
0.026697
0.026441
0.026187
0.025936
0.025687
0.025440
0.025196
0.024954
0.024715
0.024478
0.024243
0.024010
0.023780
0.023552
0.023326
0.023102
0.022880
0.022661
0.022443
0.022228
0.022014
0.021803
0.021594
0.021387
0.021182
0.020978
0.020777
0.020578
0.020380
0.020185
0.019991
0.019799
0.019609
0.019421
0.019235
0.019050
0.018867
0.018686
0.018507
0.018329
0.018153
0.017979
0.017807
0.017636
0.017467
0.017299
0.017133
0.016968
0.016806
0.016644
0.016485
0.016326
0.016170
0.016015
0.015861
0.015709
0.015558
0.015409
0.015261
0.015114
0.014969
0.014826
0.014684
0.014543
0.014403
0.014265
0.014128
0.013992
0.013858
0.013725
0.013593
0.013463
0.013334
0.013206
0.013079
0.012954
0.012829
0.012706
0.012584
0.012464
0.012344
0.012225
0.012108
0.011992
0.011877
0.011763
0.011650
0.011538
0.011428
0.011318
0.011209
0.011102
0.010995
0.010890
0.010785
0.010682
0.010579
0.010478
0.010377
0.010278
0.010179
0.010081
0.009985
0.009889
0.009794
0.009700
0.009607
0.009515
0.009423
0.009333
0.009243
0.009155
0.009067
0.008980
0.008894
0.008808
0.008724
0.008640
0.008557
0.008475
0.008394
0.008313
0.008233
0.008154
0.008076
0.007999
0.007922
0.007846
0.007771
0.007696
0.007622
0.007549
0.007477
0.007405
0.007334
0.007263
0.007194
0.007125
0.007056
0.006989
0.006922
0.006855
0.006789
0.006724
0.006660
0.006596
0.006532
0.006470
0.006408
0.006346
0.006285
0.006225
0.006165
0.006106
0.006047
0.005989
0.005932
0.005875
0.005819
0.005763
0.005708
0.005653
0.005599
0.005545
0.005492
0.005439
0.005387
0.005335
0.005284
0.005233
0.005183
0.005133
0.005084
0.005035
0.004987
0.004939
0.004892
0.004845
0.004798
0.004752
0.004706
0.004661
0.004617
0.004572
0.004528
0.004485
0.004442
0.004399
0.004357
0.004315
0.004274
0.004233
0.004192
0.004152
0.004112
0.004073
0.004034
0.003995
0.003957
0.003919
0.003881
0.003844
0.003807
0.003770
0.003734
0.003698
0.003663
0.003628
0.003593
0.003558
0.003524
0.003490
0.003457
0.003424
0.003391
0.003358
0.003326
0.003294
0.003263
0.003231
0.003200
0.003170
0.003139
0.003109
0.003079
0.003050
0.003020
0.002991
0.002963
0.002934
0.002906
0.002878
0.002851
0.002823
0.002796
0.002769
0.002743
0.002716
0.002690
0.002665
0.002639
0.002614
0.002589
0.002564
0.002539
0.002515
0.002491
0.002467
0.002443
0.002420
0.002396
0.002373
0.002351
0.002328
0.002306
0.002284
0.002262
0.002240
0.002218
0.002197
