16.401857
28.193802
31.202508
31.804893
31.749550
31.515944
31.235528
30.944328
30.652204
30.361841
30.073954
29.788722
29.506175
29.226302
28.949083
28.674492
28.402506
28.133100
27.866249
27.601929
27.340117
27.080788
26.823919
26.569486
26.317467
26.067838
25.820577
25.575662
25.333069
25.092778
24.854766
24.619011
24.385493
24.154190
23.925080
23.698144
23.473361
23.250710
23.030170
22.811723
22.595347
22.381024
22.168734
21.958458
21.750176
21.543870
21.339521
21.137110
20.936618
20.738029
20.541323
20.346484
20.153492
19.962331
19.772983
19.585431
19.399658
19.215648
19.033382
18.852846
18.674022
18.496894
18.321447
18.147663
17.975528
17.805026
17.636141
17.468858
17.303161
17.139037
16.976469
16.815443
16.655945
16.497959
16.341472
16.186469
16.032937
15.880861
15.730227
15.581022
15.433233
15.286845
15.141846
14.998222
14.855960
14.715048
14.575473
14.437221
14.300281
14.164640
14.030285
13.897205
13.765387
13.634819
13.505490
13.377387
13.250500
13.124816
13.000325
12.877014
12.754873
12.633890
12.514055
12.395357
12.277784
12.161327
12.045974
11.931716
11.818541
11.706440
11.595402
11.485417
11.376476
11.268568
11.161683
11.055813
10.950946
10.847074
10.744188
10.642277
10.541333
10.441347
10.342309
10.244210
10.147042
10.050795
9.955462
9.861032
9.767499
9.674852
9.583085
9.492187
9.402152
9.312971
9.224636
9.137139
9.050472
8.964626
8.879595
8.795371
8.711945
8.629311
8.547461
8.466387
8.386082
8.306538
8.227750
8.149708
8.072407
7.995839
7.919997
7.844875
7.770465
7.696761
7.623756
7.551443
7.479817
7.408870
7.338595
7.268988
7.200040
7.131747
7.064101
6.997097
6.930729
6.864990
6.799875
6.735377
6.671491
6.608211
6.545531
6.483446
6.421950
6.361037
6.300701
6.240938
6.181742
6.123108
6.065029
6.007502
5.950520
5.894079
5.838173
5.782797
5.727946
5.673616
5.619801
5.566497
5.513698
5.461400
5.409598
5.358287
5.307463
5.257121
5.207257
5.157866
5.108943
5.060484
5.012485
4.964941
4.917848
4.871202
4.824998
4.779232
4.733901
4.688999
4.644524
4.600470
4.556834
4.513612
4.470800
4.428394
4.386390
4.344785
4.303574
4.262755
4.222322
4.182273
4.142604
4.103311
4.064391
4.025840
3.987654
3.949831
3.912367
3.875257
3.838500
3.802092
3.766029
3.730308
3.694926
3.659879
3.625165
3.590780
3.556721
3.522985
3.489570
3.456471
3.423686
3.391212
3.359046
3.327186
3.295627
3.264368
3.233405
3.202736
3.172358
3.142268
3.112463
3.082942
3.053700
3.024735
2.996045
2.967628
2.939480
2.911599
2.883982
2.856627
2.829532
2.802694
2.776110
2.749779
2.723697
2.697863
2.672273
2.646927
2.621821
2.596953
2.572320
2.547922
2.523755
2.499817
2.476106
2.452620
2.429357
2.406315
2.383491
2.360883
2.338490
2.316310
2.294339
2.272577
2.251022
2.229671
2.208523
2.187575
2.166826
2.146273
2.125916
2.105751
2.085778
2.065995
2.046399
2.026989
2.007763
1.988719
1.969856
1.951172
1.932665
1.914334
1.896176
1.878191
1.860377
1.842731
1.825253
1.807940
1.790792
1.773806
1.756982
1.740317
1.723810
1.707460
1.691264
1.675223
1.659333
1.643595
1.628005
1.612564
1.597268
1.582118
1.567112
1.552248
1.537525
1.522942
1.508497
1.494189
1.480016
1.465978
1.452074
1.438301
1.424658
1.411146
1.397761
1.384503
1.371371
1.358364
1.345480
1.332718
1.320077
1.307556
1.295154
1.282870
1.270702
1.258649
1.246711
1.234886
1.223173
1.211572
1.200080
1.188697
1.177423
1.166255
1.155193
1.144236
1.133383
1.122633
1.111985
1.101438
1.090991
1.080643
1.070393
1.060240
1.050184
1.040223
1.030357
1.020584
1.010904
1.001315
0.991818
0.982411
0.973092
0.963863
0.954721
0.945665
0.936696
0.927811
0.919011
0.910294
0.901660
0.893108
0.884637
0.876246
0.867935
0.859703
0.851549
0.843472
0.835472
0.827547
0.819698
0.811923
0.804222
0.796594
0.789039
0.781555
0.774142
0.766799
0.759526
0.752322
0.745186
0.738118
0.731117
0.724183
0.717314
0.710510
0.703771
0.697096
0.690484
0.683935
0.677448
0.671023
0.664658
0.658354
0.652109
0.645924
0.639798
0.633729
0.627718
0.621765
0.615867
0.610026
0.604240
0.598509
0.592832
0.587209
0.581639
0.576123
0.570658
0.565246
0.559884
0.554574
0.549314
0.544104
0.538943
0.533831
0.528768
0.523753
0.518785
0.513864
0.508990
0.504163
0.499381
0.494644
0.489953
0.485305
0.480702
0.476143
0.471627
0.467154
0.462723
0.458334
0.453987
0.449681
0.445415
0.441191
0.437006
0.432861
0.428756
0.424689
0.420661
0.416671
0.412719
0.408804
0.404927
0.401086
0.397282
0.393514
0.389781
0.386084
0.382423
0.378795
0.375203
0.371644
0.368119
0.364627
0.361169
0.357743
0.354350
0.350989
0.347660
0.344363
0.341096
0.337861
0.334657
0.331482
0.328338
0.325224
0.322140
0.319084
0.316058
0.313060
0.310091
0.307149
0.304236
0.301351
0.298492
0.295661
0.292857
0.290079
0.287328
0.284603
0.281903
0.279229
0.276581
0.273958
0.271359
0.268786
0.266236
0.263711
0.261210
0.258732
0.256278
0.253847
0.251440
0.249055
0.246693
0.244353
0.242035
0.239740
0.237466
0.235213
0.232982
0.230773
0.228584
0.226416
0.224268
0.222141
0.220034
0.217947
0.215880
0.213833
0.211804
0.209795
0.207806
0.205835
0.203882
0.201949
0.200033
0.198136
0.196257
0.194395
0.192551
0.190725
0.188916
0.187124
0.185349
0.183591
0.181850
0.180125
0.178417
0.176725
0.175048
0.173388
0.171744
0.170115
0.168501
0.166903
0.165320
0.163752
0.162199
0.160660
0.159137
0.157627
0.156132
0.154651
0.153185
0.151732
0.150292
0.148867
0.147455
0.146056
0.144671
0.143299
0.141940
0.140594
0.139260
0.137939
0.136631
0.135335
0.134051
0.132780
0.131521
0.130273
0.129038
0.127814
0.126601
0.125401
0.124211
0.123033
0.121866
0.120710
0.119565
0.118431
0.117308
0.116196
0.115093
0.114002
0.112921
0.111850
0.110789
0.109738
0.108697
0.107666
0.106645
0.105633
0.104632
0.103639
0.102656
0.101682
0.100718
0.099763
0.098817
0.097879
0.096951
0.096031
0.095121
0.094218
0.093325
0.092440
0.091563
0.090694
0.089834
0.088982
0.088138
0.087302
0.086474
0.085654
0.084842
0.084037
0.083240
0.082450
0.081668
0.080894
0.080127
0.079367
0.078614
0.077868
0.077130
0.076398
0.075673
0.074956
0.074245
0.073541
0.072843
0.072152
0.071468
0.070790
0.070119
0.069454
0.068795
0.068142
0.067496
0.066856
0.066222
0.065594
0.064972
0.064355
0.063745
0.063140
0.062541
0.061948
0.061361
0.060779
0.060202
0.059631
0.059066
0.058506
0.057951
0.057401
0.056857
0.056317
0.055783
0.055254
0.054730
0.054211
0.053697
0.053187
0.052683
0.052183
0.051688
0.051198
0.050713
0.050232
0.049755
0.049283
0.048816
0.048353
0.047894
0.047440
0.046990
0.046544
0.046103
0.045666
0.045232
0.044803
0.044379
0.043958
0.043541
0.043128
0.042719
0.042313
0.041912
0.041515
0.041121
0.040731
0.040345
0.039962
0.039583
0.039207
0.038836
0.038467
0.038102
0.037741
0.037383
0.037029
0.036677
0.036329
0.035985
0.035644
0.035306
0.034971
0.034639
0.034310
0.033985
0.033663
0.033343
0.033027
0.032714
0.032404
0.032096
0.031792
0.031490
0.031192
0.030896
0.030603
0.030313
0.030025
0.029740
0.029458
0.029179
0.028902
0.028628
0.028356
0.028087
0.027821
0.027557
0.027296
0.027037
0.026781
0.026527
0.026275
0.026026
0.025779
0.025534
0.025292
0.025052
0.024815
0.024579
0.024346
0.024115
0.023887
0.023660
0.023436
0.023213
0.022993
0.022775
0.022559
0.022345
0.022133
0.021923
0.021715
0.021509
0.021305
0.021103
0.020903
0.020705
0.020509
0.020314
0.020121
0.019931
0.019741
0.019554
0.019369
0.019185
0.019003
0.018823
0.018644
0.018468
0.018292
0.018119
0.017947
0.017777
0.017608
0.017441
0.017276
0.017112
0.016950
0.016789
0.016630
0.016472
0.016316
0.016161
0.016008
0.015856
0.015705
0.015557
0.015409
0.015263
0.015118
0.014975
0.014833
0.014692
0.014553
0.014415
0.014278
0.014142
0.014008
0.013875
0.013744
0.013614
0.013484
0.013356
0.013230
0.013104
0.012980
0.012857
0.012735
0.012614
0.012495
0.012376
0.012259
0.012142
0.012027
0.011913
0.011800
0.011688
0.011577
0.011468
0.011359
0.011251
0.011144
0.011039
0.010934
0.010830
0.010728
0.010626
0.010525
0.010425
0.010326
0.010228
0.010131
0.010035
0.009940
0.009846
0.009752
0.009660
0.009568
0.009478
0.009388
0.009299
0.009210
0.009123
0.009037
0.008951
0.008866
0.008782
0.008699
0.008616
0.008534
0.008453
0.008373
0.008294
0.008215
0.008137
0.008060
0.007984
0.007908
0.007833
0.007759
0.007685
0.007612
0.007540
0.007468
0.007398
0.007327
0.007258
0.007189
0.007121
0.007053
0.006987
0.006920
0.006855
0.006790
0.006725
0.006661
0.006598
0.006536
0.006474
0.006412
0.006351
0.006291
0.006232
0.006172
0.006114
0.006056
0.005998
0.005942
0.005885
0.005829
0.005774
0.005719
0.005665
0.005611
0.005558
0.005505
0.005453
0.005401
0.005350
0.005300
0.005249
0.005199
0.005150
0.005101
0.005053
0.005005
0.004958
0.004911
0.004864
0.004818
0.004772
0.004727
0.004682
0.004638
0.004594
0.004550
0.004507
0.004464
0.004422
0.004380
0.004338
0.004297
0.004256
0.004216
0.004176
0.004136
0.004097
0.004058
0.004020
0.003982
0.003944
0.003907
0.003870
0.003833
0.003796
0.003760
0.003725
0.003689
0.003654
0.003620
0.003585
0.003551
0.003518
0.003484
0.003451
0.003419
0.003386
0.003354
0.003322
0.003291
0.003260
0.003229
0.003198
0.003168
0.003138
0.003108
0.003078
0.003049
0.003020
0.002992
0.002963
0.002935
0.002907
0.002880
0.002852
0.002825
0.002799
0.002772
0.002746
0.002720
0.002694
0.002668
0.002643
0.002618
0.002593
0.002568
0.002544
0.002520
0.002496
0.002472
0.002449
0.002426
