16.294666
28.068316
31.031234
31.612001
31.550223
31.316632
31.038593
30.750551
30.461810
30.174868
29.890381
29.608510
29.329279
29.052676
28.778681
28.507269
28.238417
27.972101
27.708296
27.446979
27.188127
26.931716
26.677723
26.426126
26.176901
25.930027
25.685482
25.443242
25.203287
24.965595
24.730145
24.496916
24.265886
24.037035
23.810342
23.585787
23.363350
23.143011
22.924750
22.708547
22.494383
22.282239
22.072096
21.863935
21.657737
21.453483
21.251156
21.050737
20.852209
20.655552
20.460750
20.267786
20.076641
19.887299
19.699743
19.513955
19.329920
19.147621
18.967040
18.788163
18.610973
18.435453
18.261590
18.089366
17.918766
17.749775
17.582378
17.416559
17.252304
17.089599
16.928428
16.768777
16.610632
16.453978
16.298801
16.145088
15.992825
15.841998
15.692593
15.544597
15.397997
15.252780
15.108932
14.966440
14.825293
14.685477
14.546979
14.409788
14.273890
14.139274
14.005928
13.873839
13.742996
13.613387
13.485000
13.357824
13.231848
13.107059
12.983448
12.861002
12.739711
12.619564
12.500550
12.382658
12.265879
12.150200
12.035613
11.922106
11.809670
11.698294
11.587969
11.478684
11.370429
11.263196
11.156974
11.051754
10.947526
10.844281
10.742010
10.640703
10.540352
10.440947
10.342479
10.244941
10.148322
10.052614
9.957809
9.863898
9.770873
9.678725
9.587446
9.497028
9.407463
9.318742
9.230858
9.143803
9.057569
8.972148
8.887533
8.803716
8.720689
8.638445
8.556977
8.476278
8.396339
8.317154
8.238716
8.161018
8.084053
8.007813
7.932292
7.857484
7.783381
7.709977
7.637266
7.565240
7.493893
7.423219
7.353212
7.283865
7.215172
7.147127
7.079723
7.012955
6.946817
6.881303
6.816407
6.752122
6.688444
6.625366
6.562883
6.500990
6.439680
6.378949
6.318790
6.259198
6.200169
6.141696
6.083775
6.026400
5.969566
5.913268
5.857501
5.802260
5.747540
5.693336
5.639643
5.586456
5.533772
5.481584
5.429888
5.378679
5.327954
5.277707
5.227934
5.178630
5.129792
5.081414
5.033492
4.986022
4.939000
4.892421
4.846281
4.800577
4.755304
4.710457
4.666034
4.622030
4.578440
4.535262
4.492491
4.450123
4.408155
4.366582
4.325402
4.284610
4.244203
4.204176
4.164528
4.125253
4.086349
4.047811
4.009637
3.971823
3.934366
3.897262
3.860507
3.824100
3.788035
3.752311
3.716924
3.681871
3.647148
3.612752
3.578681
3.544932
3.511500
3.478384
3.445580
3.413086
3.380898
3.349013
3.317429
3.286144
3.255153
3.224454
3.194045
3.163923
3.134085
3.104528
3.075250
3.046248
3.017519
2.989062
2.960873
2.932950
2.905290
2.877891
2.850750
2.823865
2.797234
2.770854
2.744723
2.718838
2.693197
2.667799
2.642639
2.617717
2.593030
2.568576
2.544352
2.520357
2.496588
2.473044
2.449721
2.426619
2.403734
2.381065
2.358610
2.336366
2.314333
2.292507
2.270887
2.249471
2.228256
2.207242
2.186427
2.165807
2.145382
2.125149
2.105108
2.085255
2.065590
2.046110
2.026813
2.007699
1.988765
1.970010
1.951431
1.933028
1.914798
1.896740
1.878852
1.861133
1.843582
1.826195
1.808973
1.791913
1.775014
1.758274
1.741693
1.725267
1.708997
1.692880
1.676915
1.661100
1.645435
1.629917
1.614546
1.599320
1.584237
1.569297
1.554497
1.539837
1.525316
1.510931
1.496682
1.482567
1.468585
1.454736
1.441016
1.427427
1.413965
1.400631
1.387422
1.374337
1.361376
1.348538
1.335820
1.323222
1.310744
1.298382
1.286138
1.274009
1.261994
1.250092
1.238303
1.226625
1.215057
1.203599
1.192248
1.181004
1.169867
1.158834
1.147905
1.137080
1.126356
1.115734
1.105212
1.094789
1.084465
1.074237
1.064107
1.054071
1.044131
1.034284
1.024530
1.014868
1.005297
0.995817
0.986426
0.977123
0.967908
0.958780
0.949738
0.940782
0.931909
0.923121
0.914415
0.905792
0.897250
0.888788
0.880406
0.872103
0.863879
0.855732
0.847662
0.839668
0.831749
0.823905
0.816135
0.808439
0.800815
0.793263
0.785782
0.778371
0.771031
0.763759
0.756557
0.749422
0.742354
0.735354
0.728419
0.721549
0.714745
0.708004
0.701327
0.694713
0.688162
0.681672
0.675243
0.668876
0.662568
0.656319
0.650130
0.643999
0.637925
0.631909
0.625950
0.620047
0.614200
0.608407
0.602670
0.596986
0.591356
0.585779
0.580255
0.574783
0.569362
0.563993
0.558674
0.553406
0.548187
0.543017
0.537896
0.532823
0.527799
0.522821
0.517891
0.513007
0.508169
0.503376
0.498629
0.493927
0.489269
0.484655
0.480084
0.475557
0.471072
0.466630
0.462229
0.457870
0.453552
0.449275
0.445038
0.440841
0.436683
0.432565
0.428486
0.424445
0.420442
0.416477
0.412550
0.408659
0.404805
0.400988
0.397206
0.393460
0.389750
0.386074
0.382433
0.378827
0.375254
0.371715
0.368210
0.364738
0.361298
0.357891
0.354516
0.351172
0.347861
0.344580
0.341331
0.338112
0.334923
0.331765
0.328636
0.325537
0.322467
0.319426
0.316413
0.313429
0.310474
0.307546
0.304645
0.301772
0.298926
0.296107
0.293315
0.290549
0.287809
0.285095
0.282406
0.279743
0.277105
0.274492
0.271903
0.269339
0.266799
0.264283
0.261790
0.259322
0.256876
0.254454
0.252054
0.249677
0.247322
0.244990
0.242680
0.240391
0.238124
0.235878
0.233654
0.231451
0.229268
0.227106
0.224964
0.222842
0.220741
0.218659
0.216597
0.214555
0.212531
0.210527
0.208542
0.206575
0.204627
0.202697
0.200786
0.198892
0.197016
0.195159
0.193318
0.191495
0.189689
0.187900
0.186128
0.184373
0.182634
0.180912
0.179206
0.177516
0.175842
0.174184
0.172541
0.170914
0.169302
0.167705
0.166124
0.164557
0.163005
0.161468
0.159945
0.158437
0.156943
0.155463
0.153997
0.152545
0.151106
0.149681
0.148269
0.146871
0.145486
0.144114
0.142755
0.141409
0.140075
0.138754
0.137446
0.136150
0.134866
0.133594
0.132334
0.131086
0.129850
0.128625
0.127412
0.126211
0.125021
0.123842
0.122674
0.121517
0.120371
0.119236
0.118111
0.116997
0.115894
0.114801
0.113719
0.112646
0.111584
0.110532
0.109489
0.108457
0.107434
0.106421
0.105417
0.104423
0.103438
0.102463
0.101497
0.100539
0.099591
0.098652
0.097722
0.096800
0.095887
0.094983
0.094087
0.093200
0.092321
0.091451
0.090588
0.089734
0.088888
0.088049
0.087219
0.086397
0.085582
0.084775
0.083975
0.083183
0.082399
0.081622
0.080852
0.080090
0.079334
0.078586
0.077845
0.077111
0.076384
0.075664
0.074950
0.074243
0.073543
0.072850
0.072163
0.071482
0.070808
0.070140
0.069479
0.068823
0.068174
0.067532
0.066895
0.066264
0.065639
0.065020
0.064407
0.063799
0.063198
0.062602
0.062011
0.061427
0.060847
0.060274
0.059705
0.059142
0.058584
0.058032
0.057485
0.056943
0.056406
0.055874
0.055347
0.054825
0.054308
0.053796
0.053288
0.052786
0.052288
0.051795
0.051307
0.050823
0.050343
0.049869
0.049398
0.048933
0.048471
0.048014
0.047561
0.047113
0.046668
0.046228
0.045792
0.045361
0.044933
0.044509
0.044089
0.043674
0.043262
0.042854
0.042450
0.042049
0.041653
0.041260
0.040871
0.040485
0.040104
0.039725
0.039351
0.038980
0.038612
0.038248
0.037887
0.037530
0.037176
0.036826
0.036478
0.036134
0.035793
0.035456
0.035122
0.034790
0.034462
0.034137
0.033815
0.033496
0.033181
0.032868
0.032558
0.032251
0.031947
0.031645
0.031347
0.031051
0.030758
0.030468
0.030181
0.029896
0.029615
0.029335
0.029059
0.028785
0.028513
0.028244
0.027978
0.027714
0.027453
0.027194
0.026937
0.026683
0.026432
0.026182
0.025936
0.025691
0.025449
0.025209
0.024971
0.024736
0.024502
0.024271
0.024042
0.023816
0.023591
0.023369
0.023148
0.022930
0.022714
0.022499
0.022287
0.022077
0.021869
0.021663
0.021458
0.021256
0.021056
0.020857
0.020660
0.020466
0.020273
0.020081
0.019892
0.019704
0.019519
0.019334
0.019152
0.018972
0.018793
0.018615
0.018440
0.018266
0.018094
0.017923
0.017754
0.017587
0.017421
0.017257
0.017094
0.016933
0.016773
0.016615
0.016458
0.016303
0.016149
0.015997
0.015846
0.015697
0.015549
0.015402
0.015257
0.015113
0.014970
0.014829
0.014689
0.014551
0.014414
0.014278
0.014143
0.014010
0.013877
0.013747
0.013617
0.013489
0.013361
0.013235
0.013111
0.012987
0.012864
0.012743
0.012623
0.012504
0.012386
0.012269
0.012154
0.012039
0.011925
0.011813
0.011702
0.011591
0.011482
0.011374
0.011266
0.011160
0.011055
0.010951
0.010847
0.010745
0.010644
0.010543
0.010444
0.010345
0.010248
0.010151
0.010055
0.009961
0.009867
0.009774
0.009682
0.009590
0.009500
0.009410
0.009321
0.009234
0.009146
0.009060
0.008975
0.008890
0.008806
0.008723
0.008641
0.008560
0.008479
0.008399
0.008320
0.008241
0.008163
0.008086
0.008010
0.007935
0.007860
0.007786
0.007712
0.007640
0.007568
0.007496
0.007426
0.007355
0.007286
0.007217
0.007149
0.007082
0.007015
0.006949
0.006883
0.006819
0.006754
0.006691
0.006627
0.006565
0.006503
0.006442
0.006381
0.006321
0.006261
0.006202
0.006144
0.006086
0.006028
0.005971
0.005915
0.005859
0.005804
0.005749
0.005695
0.005641
0.005588
0.005536
0.005483
0.005432
0.005380
0.005330
0.005279
0.005230
0.005180
0.005131
0.005083
0.005035
0.004988
0.004941
0.004894
0.004848
0.004802
0.004757
0.004712
0.004668
0.004624
0.004580
0.004537
0.004494
0.004452
0.004410
0.004368
0.004327
0.004286
0.004246
0.004206
0.004166
0.004127
0.004088
0.004049
0.004011
0.003973
0.003936
0.003899
0.003862
0.003825
0.003789
0.003754
0.003718
0.003683
0.003648
0.003614
0.003580
0.003546
0.003513
0.003480
0.003447
0.003414
0.003382
0.003350
0.003319
0.003287
0.003256
0.003226
0.003195
0.003165
0.003135
0.003106
0.003076
0.003047
0.003019
0.002990
0.002962
0.002934
0.002906
0.002879
0.002852
0.002825
0.002798
0.002772
0.002746
0.002720
0.002694
0.002669
0.002643
0.002619
0.002594
0.002569
0.002545
