16.188565
27.942961
30.860672
31.420477
31.352621
31.119177
30.843529
30.558610
30.273196
29.989613
29.708464
29.429891
29.153915
28.880522
28.609692
28.341401
28.075626
27.812343
27.551530
27.293162
27.037217
26.783672
26.532505
26.283694
26.037215
25.793048
25.551171
25.311562
25.074200
24.839064
24.606133
24.375387
24.146804
23.920365
23.696049
23.473837
23.253708
23.035644
22.819625
22.605632
22.393645
22.183647
21.975618
21.769539
21.565393
21.363162
21.162827
20.964370
20.767775
20.573023
20.380098
20.188982
19.999658
19.812109
19.626320
19.442272
19.259951
19.079339
18.900421
18.723181
18.547603
18.373671
18.201370
18.030686
17.861602
17.694103
17.528175
17.363804
17.200973
17.039670
16.879879
16.721587
16.564779
16.409442
16.255561
16.103124
15.952116
15.802524
15.654335
15.507535
15.362112
15.218053
15.075345
14.933975
14.793931
14.655200
14.517770
14.381629
14.246765
14.113165
13.980818
13.849712
13.719836
13.591177
13.463726
13.337469
13.212396
13.088496
12.965758
12.844172
12.723725
12.604408
12.486209
12.369119
12.253128
12.138223
12.024397
11.911638
11.799936
11.689282
11.579665
11.471076
11.363506
11.256944
11.151382
11.046810
10.943218
10.840598
10.738940
10.638235
10.538475
10.439650
10.341752
10.244772
10.148702
10.053532
9.959255
9.865862
9.773345
9.681695
9.590905
9.500966
9.411871
9.323611
9.236179
9.149566
9.063766
8.978771
8.894572
8.811163
8.728537
8.646685
8.565601
8.485277
8.405706
8.326882
8.248796
8.171443
8.094816
8.018907
7.943709
7.869217
7.795424
7.722322
7.649906
7.578169
7.507105
7.436708
7.366970
7.297886
7.229451
7.161656
7.094498
7.027970
6.962065
6.896778
6.832104
6.768036
6.704569
6.641697
6.579415
6.517717
6.456597
6.396050
6.336072
6.276655
6.217796
6.159489
6.101729
6.044510
5.987828
5.931677
5.876053
5.820951
5.766365
5.712291
5.658724
5.605660
5.553093
5.501019
5.449434
5.398332
5.347709
5.297562
5.247884
5.198672
5.149922
5.101629
5.053789
5.006397
4.959450
4.912943
4.866872
4.821233
4.776022
4.731236
4.686869
4.642918
4.599379
4.556249
4.513523
4.471198
4.429269
4.387734
4.346589
4.305829
4.265451
4.225452
4.185828
4.146576
4.107692
4.069172
4.031014
3.993213
3.955767
3.918673
3.881926
3.845523
3.809462
3.773739
3.738351
3.703295
3.668568
3.634166
3.600087
3.566328
3.532885
3.499755
3.466937
3.434426
3.402220
3.370316
3.338711
3.307403
3.276388
3.245664
3.215228
3.185078
3.155210
3.125622
3.096312
3.067277
3.038514
3.010020
2.981794
2.953833
2.926134
2.898694
2.871512
2.844585
2.817910
2.791485
2.765308
2.739377
2.713689
2.688242
2.663033
2.638061
2.613323
2.588817
2.564540
2.540492
2.516668
2.493069
2.469690
2.446531
2.423589
2.400862
2.378348
2.356046
2.333952
2.312066
2.290385
2.268907
2.247631
2.226554
2.205675
2.184991
2.164502
2.144205
2.124098
2.104179
2.084448
2.064901
2.045538
2.026356
2.007354
1.988531
1.969883
1.951411
1.933112
1.914985
1.897027
1.879238
1.861616
1.844159
1.826865
1.809734
1.792764
1.775953
1.759299
1.742801
1.726458
1.710269
1.694231
1.678344
1.662605
1.647015
1.631570
1.616270
1.601114
1.586100
1.571226
1.556493
1.541897
1.527438
1.513115
1.498926
1.484870
1.470946
1.457152
1.443488
1.429952
1.416543
1.403260
1.390101
1.377065
1.364152
1.351360
1.338688
1.326135
1.313699
1.301380
1.289177
1.277088
1.265112
1.253249
1.241497
1.229855
1.218322
1.206898
1.195580
1.184369
1.173263
1.162261
1.151362
1.140565
1.129870
1.119275
1.108779
1.098381
1.088082
1.077878
1.067771
1.057758
1.047839
1.038013
1.028280
1.018637
1.009085
0.999623
0.990249
0.980963
0.971764
0.962652
0.953625
0.944682
0.935824
0.927048
0.918355
0.909743
0.901213
0.892762
0.884390
0.876097
0.867881
0.859743
0.851681
0.843695
0.835783
0.827946
0.820182
0.812491
0.804872
0.797324
0.789848
0.782441
0.775104
0.767836
0.760635
0.753503
0.746437
0.739437
0.732504
0.725635
0.718830
0.712090
0.705412
0.698797
0.692245
0.685753
0.679323
0.672953
0.666642
0.660391
0.654198
0.648064
0.641987
0.635967
0.630003
0.624095
0.618243
0.612446
0.606703
0.601013
0.595378
0.589795
0.584264
0.578785
0.573358
0.567981
0.562655
0.557379
0.552152
0.546975
0.541846
0.536765
0.531731
0.526745
0.521806
0.516913
0.512065
0.507264
0.502507
0.497795
0.493127
0.488503
0.483922
0.479384
0.474889
0.470436
0.466024
0.461654
0.457325
0.453037
0.448789
0.444580
0.440411
0.436282
0.432191
0.428138
0.424123
0.420146
0.416206
0.412303
0.408437
0.404607
0.400813
0.397055
0.393331
0.389643
0.385989
0.382370
0.378784
0.375232
0.371714
0.368228
0.364775
0.361355
0.357966
0.354609
0.351284
0.347990
0.344727
0.341494
0.338292
0.335120
0.331977
0.328864
0.325781
0.322726
0.319699
0.316702
0.313732
0.310790
0.307876
0.304989
0.302129
0.299296
0.296489
0.293709
0.290955
0.288226
0.285524
0.282846
0.280194
0.277566
0.274964
0.272385
0.269831
0.267301
0.264794
0.262311
0.259852
0.257415
0.255001
0.252610
0.250241
0.247895
0.245570
0.243267
0.240986
0.238726
0.236488
0.234270
0.232074
0.229897
0.227742
0.225606
0.223490
0.221395
0.219319
0.217262
0.215225
0.213207
0.211207
0.209227
0.207265
0.205321
0.203396
0.201489
0.199599
0.197728
0.195874
0.194037
0.192217
0.190415
0.188629
0.186861
0.185108
0.183373
0.181653
0.179950
0.178262
0.176591
0.174935
0.173294
0.171669
0.170060
0.168465
0.166885
0.165320
0.163770
0.162235
0.160713
0.159206
0.157713
0.156234
0.154769
0.153318
0.151880
0.150456
0.149045
0.147648
0.146263
0.144892
0.143533
0.142187
0.140854
0.139533
0.138225
0.136929
0.135645
0.134373
0.133113
0.131864
0.130628
0.129403
0.128190
0.126988
0.125797
0.124617
0.123449
0.122291
0.121144
0.120008
0.118883
0.117768
0.116664
0.115570
0.114486
0.113413
0.112349
0.111296
0.110252
0.109218
0.108194
0.107180
0.106175
0.105179
0.104193
0.103216
0.102248
0.101289
0.100339
0.099398
0.098466
0.097543
0.096628
0.095722
0.094825
0.093935
0.093055
0.092182
0.091318
0.090461
0.089613
0.088773
0.087940
0.087116
0.086299
0.085490
0.084688
0.083894
0.083107
0.082328
0.081556
0.080791
0.080034
0.079283
0.078540
0.077803
0.077074
0.076351
0.075635
0.074926
0.074223
0.073527
0.072838
0.072155
0.071478
0.070808
0.070144
0.069486
0.068835
0.068189
0.067550
0.066916
0.066289
0.065667
0.065051
0.064441
0.063837
0.063239
0.062646
0.062058
0.061476
0.060900
0.060329
0.059763
0.059203
0.058648
0.058098
0.057553
0.057013
0.056479
0.055949
0.055424
0.054905
0.054390
0.053880
0.053374
0.052874
0.052378
0.051887
0.051401
0.050919
0.050441
0.049968
0.049500
0.049035
0.048576
0.048120
0.047669
0.047222
0.046779
0.046340
0.045906
0.045475
0.045049
0.044627
0.044208
0.043794
0.043383
0.042976
0.042573
0.042174
0.041778
0.041387
0.040999
0.040614
0.040233
0.039856
0.039482
0.039112
0.038745
0.038382
0.038022
0.037666
0.037312
0.036963
0.036616
0.036273
0.035933
0.035596
0.035262
0.034931
0.034604
0.034279
0.033958
0.033639
0.033324
0.033011
0.032702
0.032395
0.032091
0.031790
0.031492
0.031197
0.030905
0.030615
0.030328
0.030043
0.029762
0.029483
0.029206
0.028932
0.028661
0.028392
0.028126
0.027862
0.027601
0.027342
0.027086
0.026832
0.026580
0.026331
0.026084
0.025839
0.025597
0.025357
0.025119
0.024884
0.024650
0.024419
0.024190
0.023964
0.023739
0.023516
0.023296
0.023077
0.022861
0.022647
0.022434
0.022224
0.022015
0.021809
0.021604
0.021402
0.021201
0.021002
0.020805
0.020610
0.020417
0.020226
0.020036
0.019848
0.019662
0.019478
0.019295
0.019114
0.018935
0.018757
0.018581
0.018407
0.018235
0.018064
0.017894
0.017726
0.017560
0.017396
0.017232
0.017071
0.016911
0.016752
0.016595
0.016440
0.016285
0.016133
0.015981
0.015832
0.015683
0.015536
0.015390
0.015246
0.015103
0.014961
0.014821
0.014682
0.014545
0.014408
0.014273
0.014139
0.014007
0.013875
0.013745
0.013616
0.013489
0.013362
0.013237
0.013113
0.012990
0.012868
0.012747
0.012628
0.012509
0.012392
0.012276
0.012161
0.012047
0.011934
0.011822
0.011711
0.011601
0.011492
0.011385
0.011278
0.011172
0.011067
0.010964
0.010861
0.010759
0.010658
0.010558
0.010459
0.010361
0.010264
0.010168
0.010072
0.009978
0.009884
0.009792
0.009700
0.009609
0.009519
0.009429
0.009341
0.009253
0.009167
0.009081
0.008996
0.008911
0.008828
0.008745
0.008663
0.008582
0.008501
0.008422
0.008343
0.008264
0.008187
0.008110
0.008034
0.007959
0.007884
0.007810
0.007737
0.007664
0.007592
0.007521
0.007451
0.007381
0.007312
0.007243
0.007175
0.007108
0.007041
0.006975
0.006910
0.006845
0.006781
0.006717
0.006654
0.006592
0.006530
0.006469
0.006408
0.006348
0.006289
0.006230
0.006171
0.006113
0.006056
0.005999
0.005943
0.005887
0.005832
0.005777
0.005723
0.005669
0.005616
0.005564
0.005511
0.005460
0.005409
0.005358
0.005308
0.005258
0.005209
0.005160
0.005111
0.005063
0.005016
0.004969
0.004922
0.004876
0.004830
0.004785
0.004740
0.004696
0.004652
0.004608
0.004565
0.004522
0.004480
0.004438
0.004396
0.004355
0.004314
0.004274
0.004234
0.004194
0.004155
0.004116
0.004077
0.004039
0.004001
0.003963
0.003926
0.003889
0.003853
0.003817
0.003781
0.003746
0.003710
0.003676
0.003641
0.003607
0.003573
0.003540
0.003506
0.003474
0.003441
0.003409
0.003377
0.003345
0.003314
0.003283
0.003252
0.003221
0.003191
0.003161
0.003132
0.003102
0.003073
0.003044
0.003016
0.002987
0.002959
0.002932
0.002904
0.002877
0.002850
0.002823
0.002797
0.002771
0.002745
0.002719
0.002693
0.002668
