16.083543
27.817766
30.690855
31.230335
31.156743
30.923567
30.650321
30.368488
30.086347
29.806064
29.528191
29.252856
28.980074
28.709832
28.442108
28.176882
27.914128
27.653825
27.395949
27.140478
26.887389
26.636661
26.388270
26.142196
25.898416
25.656910
25.417656
25.180633
24.945820
24.713197
24.482743
24.254438
24.028262
23.804196
23.582219
23.362311
23.144455
22.928630
22.714818
22.502999
22.293156
22.085269
21.879322
21.675294
21.473170
21.272930
21.074557
20.878035
20.683345
20.490470
20.299394
20.110100
19.922571
19.736791
19.552743
19.370412
19.189780
19.010834
18.833556
18.657931
18.483944
18.311579
18.140822
17.971657
17.804069
17.638044
17.473568
17.310625
17.149202
16.989284
16.830857
16.673908
16.518422
16.364387
16.211787
16.060611
15.910844
15.762474
15.615488
15.469872
15.325614
15.182701
15.041122
14.900862
14.761910
14.624254
14.487882
14.352781
14.218940
14.086348
13.954991
13.824860
13.695942
13.568227
13.441702
13.316357
13.192181
13.069163
12.947292
12.826558
12.706949
12.588456
12.471068
12.354775
12.239566
12.125431
12.012361
11.900345
11.789373
11.679437
11.570525
11.462629
11.355740
11.249847
11.144941
11.041014
10.938056
10.836058
10.735012
10.634907
10.535736
10.437490
10.340160
10.243737
10.148214
10.053581
9.959831
9.866956
9.774946
9.683794
9.593492
9.504033
9.415407
9.327608
9.240628
9.154459
9.069093
8.984524
8.900743
8.817743
8.735517
8.654058
8.573359
8.493412
8.414211
8.335748
8.258017
8.181011
8.104723
8.029146
7.954274
7.880100
7.806618
7.733822
7.661704
7.590258
7.519479
7.449360
7.379894
7.311077
7.242901
7.175361
7.108450
7.042164
6.976496
6.911440
6.846991
6.783143
6.719890
6.657227
6.595148
6.533648
6.472722
6.412364
6.352569
6.293331
6.234646
6.176508
6.118912
6.061853
6.005326
5.949327
5.893849
5.838889
5.784442
5.730502
5.677065
5.624126
5.571682
5.519726
5.468254
5.417263
5.366747
5.316702
5.267124
5.218008
5.169351
5.121146
5.073392
5.026083
4.979215
4.932784
4.886786
4.841216
4.796072
4.751349
4.707043
4.663150
4.619666
4.576588
4.533911
4.491633
4.449749
4.408255
4.367148
4.326425
4.286081
4.246113
4.206518
4.167293
4.128433
4.089936
4.051797
4.014014
3.976584
3.939502
3.902767
3.866374
3.830320
3.794602
3.759218
3.724163
3.689436
3.655032
3.620949
3.587184
3.553734
3.520595
3.487766
3.455243
3.423023
3.391104
3.359482
3.328155
3.297120
3.266375
3.235916
3.205741
3.175848
3.146233
3.116895
3.087830
3.059036
3.030511
3.002252
2.974256
2.946521
2.919045
2.891825
2.864859
2.838145
2.811679
2.785461
2.759486
2.733754
2.708262
2.683008
2.657989
2.633204
2.608649
2.584324
2.560225
2.536352
2.512700
2.489270
2.466058
2.443062
2.420280
2.397712
2.375353
2.353203
2.331260
2.309521
2.287985
2.266650
2.245514
2.224574
2.203831
2.183280
2.162921
2.142752
2.122771
2.102977
2.083367
2.063939
2.044694
2.025627
2.006738
1.988026
1.969488
1.951122
1.932928
1.914904
1.897048
1.879358
1.861833
1.844472
1.827272
1.810233
1.793353
1.776630
1.760064
1.743651
1.727392
1.711284
1.695327
1.679518
1.663857
1.648341
1.632971
1.617744
1.602658
1.587714
1.572909
1.558242
1.543711
1.529316
1.515056
1.500928
1.486932
1.473067
1.459331
1.445722
1.432241
1.418886
1.405655
1.392547
1.379562
1.366698
1.353954
1.341328
1.328821
1.316430
1.304154
1.291993
1.279945
1.268010
1.256186
1.244472
1.232868
1.221372
1.209983
1.198700
1.187522
1.176449
1.165478
1.154611
1.143844
1.133178
1.122611
1.112143
1.101773
1.091499
1.081321
1.071238
1.061248
1.051352
1.041549
1.031837
1.022215
1.012683
1.003240
0.993885
0.984617
0.975436
0.966340
0.957329
0.948402
0.939558
0.930797
0.922118
0.913519
0.905001
0.896562
0.888202
0.879919
0.871714
0.863586
0.855533
0.847555
0.839652
0.831822
0.824066
0.816382
0.808769
0.801227
0.793756
0.786354
0.779022
0.771758
0.764561
0.757432
0.750369
0.743372
0.736440
0.729573
0.722770
0.716030
0.709353
0.702739
0.696186
0.689694
0.683263
0.676892
0.670580
0.664327
0.658132
0.651995
0.645915
0.639892
0.633926
0.628014
0.622158
0.616357
0.610609
0.604916
0.599275
0.593687
0.588151
0.582666
0.577233
0.571851
0.566518
0.561236
0.556002
0.550818
0.545681
0.540593
0.535552
0.530558
0.525611
0.520710
0.515854
0.511044
0.506279
0.501558
0.496881
0.492248
0.487658
0.483110
0.478605
0.474143
0.469721
0.465341
0.461002
0.456703
0.452445
0.448226
0.444046
0.439906
0.435804
0.431740
0.427714
0.423726
0.419775
0.415860
0.411983
0.408141
0.404335
0.400565
0.396830
0.393129
0.389463
0.385832
0.382234
0.378670
0.375139
0.371641
0.368175
0.364742
0.361341
0.357972
0.354634
0.351327
0.348051
0.344805
0.341590
0.338405
0.335249
0.332123
0.329026
0.325958
0.322919
0.319908
0.316925
0.313969
0.311042
0.308141
0.305268
0.302422
0.299602
0.296808
0.294040
0.291298
0.288582
0.285891
0.283225
0.280584
0.277968
0.275376
0.272808
0.270264
0.267744
0.265248
0.262774
0.260324
0.257897
0.255492
0.253109
0.250749
0.248411
0.246095
0.243800
0.241527
0.239274
0.237043
0.234833
0.232643
0.230474
0.228325
0.226196
0.224087
0.221997
0.219927
0.217876
0.215845
0.213832
0.211838
0.209863
0.207906
0.205967
0.204047
0.202144
0.200259
0.198392
0.196542
0.194709
0.192893
0.191095
0.189313
0.187548
0.185799
0.184066
0.182350
0.180650
0.178965
0.177296
0.175643
0.174005
0.172383
0.170775
0.169183
0.167605
0.166042
0.164494
0.162960
0.161441
0.159935
0.158444
0.156967
0.155503
0.154053
0.152616
0.151193
0.149784
0.148387
0.147003
0.145633
0.144275
0.142929
0.141596
0.140276
0.138968
0.137672
0.136389
0.135117
0.133857
0.132609
0.131372
0.130147
0.128934
0.127731
0.126540
0.125360
0.124191
0.123033
0.121886
0.120750
0.119624
0.118508
0.117403
0.116308
0.115224
0.114150
0.113085
0.112031
0.110986
0.109951
0.108926
0.107910
0.106904
0.105907
0.104920
0.103941
0.102972
0.102012
0.101061
0.100118
0.099185
0.098260
0.097344
0.096436
0.095537
0.094646
0.093763
0.092889
0.092023
0.091165
0.090315
0.089473
0.088638
0.087812
0.086993
0.086182
0.085378
0.084582
0.083793
0.083012
0.082238
0.081471
0.080711
0.079959
0.079213
0.078475
0.077743
0.077018
0.076300
0.075588
0.074884
0.074185
0.073494
0.072808
0.072129
0.071457
0.070790
0.070130
0.069476
0.068829
0.068187
0.067551
0.066921
0.066297
0.065679
0.065067
0.064460
0.063859
0.063263
0.062673
0.062089
0.061510
0.060936
0.060368
0.059805
0.059248
0.058695
0.058148
0.057606
0.057069
0.056536
0.056009
0.055487
0.054970
0.054457
0.053949
0.053446
0.052948
0.052454
0.051965
0.051481
0.051000
0.050525
0.050054
0.049587
0.049125
0.048667
0.048213
0.047763
0.047318
0.046877
0.046440
0.046007
0.045578
0.045153
0.044732
0.044314
0.043901
0.043492
0.043086
0.042685
0.042287
0.041892
0.041502
0.041115
0.040731
0.040352
0.039975
0.039602
0.039233
0.038867
0.038505
0.038146
0.037790
0.037438
0.037089
0.036743
0.036400
0.036061
0.035725
0.035392
0.035062
0.034735
0.034411
0.034090
0.033772
0.033457
0.033145
0.032836
0.032530
0.032227
0.031926
0.031628
0.031333
0.031041
0.030752
0.030465
0.030181
0.029900
0.029621
0.029345
0.029071
0.028800
0.028531
0.028265
0.028002
0.027741
0.027482
0.027226
0.026972
0.026720
0.026471
0.026224
0.025980
0.025738
0.025498
0.025260
0.025024
0.024791
0.024560
0.024331
0.024104
0.023879
0.023657
0.023436
0.023217
0.023001
0.022786
0.022574
0.022364
0.022155
0.021948
0.021744
0.021541
0.021340
0.021141
0.020944
0.020749
0.020555
0.020364
0.020174
0.019986
0.019799
0.019615
0.019432
0.019251
0.019071
0.018893
0.018717
0.018543
0.018370
0.018198
0.018029
0.017861
0.017694
0.017529
0.017366
0.017204
0.017043
0.016884
0.016727
0.016571
0.016416
0.016263
0.016112
0.015961
0.015813
0.015665
0.015519
0.015374
0.015231
0.015089
0.014948
0.014809
0.014671
0.014534
0.014399
0.014264
0.014131
0.014000
0.013869
0.013740
0.013612
0.013485
0.013359
0.013234
0.013111
0.012989
0.012868
0.012748
0.012629
0.012511
0.012394
0.012279
0.012164
0.012051
0.011938
0.011827
0.011717
0.011608
0.011499
0.011392
0.011286
0.011181
0.011076
0.010973
0.010871
0.010769
0.010669
0.010570
0.010471
0.010373
0.010277
0.010181
0.010086
0.009992
0.009899
0.009806
0.009715
0.009624
0.009535
0.009446
0.009358
0.009270
0.009184
0.009098
0.009013
0.008929
0.008846
0.008764
0.008682
0.008601
0.008521
0.008441
0.008363
0.008285
0.008207
0.008131
0.008055
0.007980
0.007906
0.007832
0.007759
0.007686
0.007615
0.007544
0.007473
0.007404
0.007335
0.007266
0.007199
0.007131
0.007065
0.006999
0.006934
0.006869
0.006805
0.006742
0.006679
0.006617
0.006555
0.006494
0.006433
0.006373
0.006314
0.006255
0.006197
0.006139
0.006082
0.006025
0.005969
0.005913
0.005858
0.005803
0.005749
0.005695
0.005642
0.005590
0.005538
0.005486
0.005435
0.005384
0.005334
0.005284
0.005235
0.005186
0.005138
0.005090
0.005042
0.004995
0.004949
0.004903
0.004857
0.004812
0.004767
0.004722
0.004678
0.004635
0.004591
0.004549
0.004506
0.004464
0.004423
0.004381
0.004340
0.004300
0.004260
0.004220
0.004181
0.004142
0.004103
0.004065
0.004027
0.003990
0.003952
0.003915
0.003879
0.003843
0.003807
0.003771
0.003736
0.003701
0.003667
0.003633
0.003599
0.003565
0.003532
0.003499
0.003466
0.003434
0.003402
0.003370
0.003339
0.003308
0.003277
0.003246
0.003216
0.003186
0.003156
0.003127
0.003098
0.003069
0.003040
0.003012
0.002984
0.002956
0.002929
0.002901
0.002874
0.002847
0.002821
0.002795
