15.979587
27.692760
30.521814
31.041590
30.962587
30.729792
30.458954
30.180169
29.901249
29.624207
29.349550
29.077393
28.807747
28.540598
28.275926
28.013708
27.753922
27.496544
27.241554
26.988929
26.738646
26.490684
26.245022
26.001637
25.760510
25.521619
25.284944
25.050463
24.818157
24.588005
24.359987
24.134084
23.910276
23.688544
23.468867
23.251228
23.035607
22.821986
22.610346
22.400669
22.192935
21.987129
21.783231
21.581224
21.381090
21.182812
20.986373
20.791755
20.598943
20.407918
20.218665
20.031167
19.845408
19.661372
19.479042
19.298403
19.119439
18.942135
18.766475
18.592444
18.420027
18.249208
18.079974
17.912310
17.746200
17.581631
17.418588
17.257056
17.097023
16.938474
16.781395
16.625773
16.471594
16.318845
16.167512
16.017583
15.869044
15.721883
15.576086
15.431642
15.288536
15.146759
15.006295
14.867135
14.729265
14.592673
14.457348
14.323278
14.190452
14.058857
13.928483
13.799317
13.671350
13.544569
13.418963
13.294523
13.171237
13.049094
12.928083
12.808195
12.689419
12.571744
12.455160
12.339658
12.225227
12.111856
11.999538
11.888260
11.778015
11.668792
11.560582
11.453376
11.347163
11.241936
11.137684
11.034399
10.932072
10.830694
10.730257
10.630750
10.532166
10.434497
10.337733
10.241867
10.146889
10.052793
9.959569
9.867209
9.775706
9.685052
9.595238
9.506257
9.418102
9.330763
9.244235
9.158509
9.073579
8.989435
8.906072
8.823483
8.741659
8.660593
8.580280
8.500711
8.421881
8.343781
8.266406
8.189748
8.113801
8.038558
7.964013
7.890160
7.816991
7.744501
7.672683
7.601531
7.531038
7.461200
7.392009
7.323460
7.255547
7.188263
7.121603
7.055562
6.990133
6.925310
6.861089
6.797463
6.734428
6.671977
6.610105
6.548807
6.488077
6.427910
6.368302
6.309246
6.250738
6.192772
6.135344
6.078449
6.022081
5.966236
5.910908
5.856094
5.801788
5.747986
5.694683
5.641874
5.589555
5.537721
5.486367
5.435490
5.385085
5.335147
5.285672
5.236656
5.188094
5.139983
5.092318
5.045095
4.998310
4.951959
4.906037
4.860542
4.815468
4.770813
4.726571
4.682740
4.639315
4.596293
4.553670
4.511442
4.469606
4.428158
4.387094
4.346411
4.306105
4.266173
4.226611
4.187416
4.148585
4.110113
4.071999
4.034238
3.996827
3.959763
3.923042
3.886663
3.850620
3.814912
3.779535
3.744486
3.709762
3.675360
3.641278
3.607511
3.574057
3.540914
3.508077
3.475546
3.443316
3.411385
3.379750
3.348408
3.317357
3.286595
3.256117
3.225922
3.196007
3.166369
3.137006
3.107916
3.079095
3.050542
3.022253
2.994227
2.966460
2.938951
2.911697
2.884696
2.857946
2.831443
2.805186
2.779173
2.753400
2.727867
2.702571
2.677509
2.652680
2.628081
2.603710
2.579565
2.555643
2.531944
2.508465
2.485203
2.462157
2.439325
2.416704
2.394293
2.372090
2.350093
2.328300
2.306709
2.285318
2.264126
2.243130
2.222328
2.201720
2.181303
2.161075
2.141035
2.121180
2.101510
2.082022
2.062715
2.043587
2.024636
2.005861
1.987260
1.968832
1.950574
1.932486
1.914565
1.896811
1.879221
1.861795
1.844530
1.827425
1.810479
1.793690
1.777056
1.760577
1.744251
1.728076
1.712051
1.696175
1.680446
1.664862
1.649424
1.634128
1.618974
1.603961
1.589087
1.574351
1.559752
1.545288
1.530958
1.516761
1.502696
1.488761
1.474955
1.461278
1.447727
1.434302
1.421001
1.407824
1.394769
1.381835
1.369020
1.356325
1.343748
1.331287
1.318941
1.306710
1.294593
1.282588
1.270694
1.258911
1.247237
1.235671
1.224212
1.212860
1.201612
1.190470
1.179430
1.168493
1.157657
1.146922
1.136286
1.125749
1.115310
1.104967
1.094721
1.084569
1.074512
1.064548
1.054676
1.044896
1.035206
1.025606
1.016096
1.006673
0.997338
0.988089
0.978927
0.969849
0.960855
0.951945
0.943117
0.934372
0.925707
0.917123
0.908618
0.900192
0.891845
0.883574
0.875381
0.867263
0.859221
0.851253
0.843359
0.835539
0.827791
0.820114
0.812509
0.804975
0.797510
0.790115
0.782788
0.775529
0.768337
0.761212
0.754153
0.747160
0.740231
0.733367
0.726566
0.719829
0.713154
0.706540
0.699989
0.693497
0.687066
0.680695
0.674383
0.668129
0.661934
0.655795
0.649714
0.643689
0.637720
0.631806
0.625948
0.620143
0.614392
0.608695
0.603050
0.597458
0.591918
0.586429
0.580991
0.575603
0.570266
0.564977
0.559738
0.554548
0.549405
0.544311
0.539263
0.534262
0.529308
0.524400
0.519537
0.514719
0.509946
0.505217
0.500532
0.495891
0.491292
0.486737
0.482223
0.477751
0.473321
0.468932
0.464583
0.460275
0.456007
0.451778
0.447589
0.443438
0.439326
0.435252
0.431216
0.427218
0.423256
0.419331
0.415442
0.411590
0.407773
0.403992
0.400246
0.396534
0.392857
0.389214
0.385605
0.382029
0.378486
0.374977
0.371499
0.368054
0.364641
0.361260
0.357910
0.354591
0.351303
0.348045
0.344818
0.341620
0.338452
0.335314
0.332204
0.329124
0.326072
0.323048
0.320053
0.317085
0.314144
0.311231
0.308345
0.305486
0.302653
0.299846
0.297066
0.294311
0.291582
0.288878
0.286199
0.283545
0.280916
0.278311
0.275730
0.273173
0.270640
0.268131
0.265644
0.263181
0.260740
0.258323
0.255927
0.253554
0.251203
0.248873
0.246565
0.244279
0.242014
0.239769
0.237546
0.235343
0.233161
0.230999
0.228857
0.226735
0.224632
0.222549
0.220485
0.218441
0.216415
0.214408
0.212420
0.210450
0.208499
0.206565
0.204650
0.202752
0.200872
0.199009
0.197164
0.195335
0.193524
0.191730
0.189952
0.188190
0.186445
0.184716
0.183003
0.181306
0.179625
0.177959
0.176309
0.174674
0.173054
0.171450
0.169860
0.168285
0.166724
0.165178
0.163646
0.162129
0.160626
0.159136
0.157660
0.156198
0.154750
0.153315
0.151893
0.150485
0.149089
0.147707
0.146337
0.144980
0.143636
0.142304
0.140984
0.139677
0.138382
0.137098
0.135827
0.134568
0.133320
0.132083
0.130859
0.129645
0.128443
0.127252
0.126072
0.124903
0.123745
0.122597
0.121460
0.120334
0.119218
0.118113
0.117017
0.115932
0.114857
0.113792
0.112737
0.111691
0.110656
0.109630
0.108613
0.107606
0.106608
0.105619
0.104640
0.103670
0.102708
0.101756
0.100812
0.099878
0.098951
0.098034
0.097125
0.096224
0.095332
0.094448
0.093572
0.092704
0.091845
0.090993
0.090149
0.089313
0.088485
0.087665
0.086852
0.086046
0.085248
0.084458
0.083675
0.082899
0.082130
0.081368
0.080614
0.079866
0.079126
0.078392
0.077665
0.076945
0.076231
0.075525
0.074824
0.074130
0.073443
0.072762
0.072087
0.071419
0.070756
0.070100
0.069450
0.068806
0.068168
0.067536
0.066910
0.066289
0.065675
0.065066
0.064462
0.063865
0.063272
0.062686
0.062104
0.061529
0.060958
0.060393
0.059833
0.059278
0.058728
0.058184
0.057644
0.057110
0.056580
0.056055
0.055535
0.055021
0.054510
0.054005
0.053504
0.053008
0.052516
0.052029
0.051547
0.051069
0.050595
0.050126
0.049661
0.049201
0.048745
0.048293
0.047845
0.047401
0.046962
0.046526
0.046095
0.045667
0.045244
0.044824
0.044409
0.043997
0.043589
0.043185
0.042784
0.042387
0.041994
0.041605
0.041219
0.040837
0.040458
0.040083
0.039711
0.039343
0.038978
0.038617
0.038259
0.037904
0.037553
0.037204
0.036859
0.036518
0.036179
0.035843
0.035511
0.035182
0.034856
0.034532
0.034212
0.033895
0.033581
0.033269
0.032961
0.032655
0.032352
0.032052
0.031755
0.031461
0.031169
0.030880
0.030593
0.030310
0.030029
0.029750
0.029474
0.029201
0.028930
0.028662
0.028396
0.028133
0.027872
0.027614
0.027358
0.027104
0.026853
0.026604
0.026357
0.026112
0.025870
0.025630
0.025393
0.025157
0.024924
0.024693
0.024464
0.024237
0.024012
0.023790
0.023569
0.023351
0.023134
0.022919
0.022707
0.022496
0.022288
0.022081
0.021876
0.021673
0.021473
0.021273
0.021076
0.020881
0.020687
0.020495
0.020305
0.020117
0.019930
0.019746
0.019562
0.019381
0.019201
0.019023
0.018847
0.018672
0.018499
0.018327
0.018157
0.017989
0.017822
0.017657
0.017493
0.017331
0.017170
0.017011
0.016853
0.016697
0.016542
0.016389
0.016237
0.016086
0.015937
0.015789
0.015643
0.015498
0.015354
0.015212
0.015071
0.014931
0.014793
0.014655
0.014520
0.014385
0.014252
0.014119
0.013988
0.013859
0.013730
0.013603
0.013477
0.013352
0.013228
0.013105
0.012984
0.012863
0.012744
0.012626
0.012509
0.012393
0.012278
0.012164
0.012051
0.011940
0.011829
0.011719
0.011610
0.011503
0.011396
0.011290
0.011186
0.011082
0.010979
0.010878
0.010777
0.010677
0.010578
0.010480
0.010382
0.010286
0.010191
0.010096
0.010003
0.009910
0.009818
0.009727
0.009637
0.009547
0.009459
0.009371
0.009284
0.009198
0.009113
0.009028
0.008945
0.008862
0.008780
0.008698
0.008617
0.008538
0.008458
0.008380
0.008302
0.008225
0.008149
0.008073
0.007999
0.007924
0.007851
0.007778
0.007706
0.007635
0.007564
0.007494
0.007424
0.007355
0.007287
0.007220
0.007153
0.007086
0.007021
0.006955
0.006891
0.006827
0.006764
0.006701
0.006639
0.006577
0.006516
0.006456
0.006396
0.006337
0.006278
0.006220
0.006162
0.006105
0.006048
0.005992
0.005937
0.005882
0.005827
0.005773
0.005719
0.005666
0.005614
0.005562
0.005510
0.005459
0.005409
0.005358
0.005309
0.005259
0.005211
0.005162
0.005115
0.005067
0.005020
0.004974
0.004927
0.004882
0.004836
0.004792
0.004747
0.004703
0.004660
0.004616
0.004574
0.004531
0.004489
0.004447
0.004406
0.004365
0.004325
0.004285
0.004245
0.004206
0.004167
0.004128
0.004090
0.004052
0.004014
0.003977
0.003940
0.003904
0.003867
0.003832
0.003796
0.003761
0.003726
0.003691
0.003657
0.003623
0.003590
0.003556
0.003523
0.003491
0.003458
0.003426
0.003394
0.003363
0.003332
0.003301
0.003270
0.003240
0.003210
0.003180
0.003151
0.003121
0.003092
0.003064
0.003035
0.003007
0.002979
0.002952
0.002924
