15.876687
27.567967
30.353576
30.854251
30.770148
30.537838
30.269413
29.993639
29.717886
29.444028
29.172529
28.903492
28.636924
28.372813
28.111137
27.851874
27.595002
27.340499
27.088344
26.838514
26.590988
26.345745
26.102764
25.862024
25.623504
25.387184
25.153044
24.921063
24.691221
24.463500
24.237878
24.014338
23.792859
23.573423
23.356011
23.140603
22.927183
22.715731
22.506229
22.298659
22.093004
21.889245
21.687366
21.487349
21.289176
21.092831
20.898297
20.705557
20.514594
20.325393
20.137937
19.952210
19.768195
19.585878
19.405242
19.226272
19.048953
18.873270
18.699206
18.526748
18.355880
18.186589
18.018858
17.852675
17.688024
17.524892
17.363265
17.203128
17.044468
16.887271
16.731524
16.577214
16.424326
16.272849
16.122769
15.974073
15.826748
15.680782
15.536162
15.392877
15.250912
15.110257
14.970899
14.832827
14.696028
14.560490
14.426203
14.293154
14.161332
14.030726
13.901324
13.773116
13.646091
13.520237
13.395543
13.272000
13.149596
13.028321
12.908165
12.789116
12.671166
12.554303
12.438519
12.323802
12.210143
12.097532
11.985960
11.875417
11.765894
11.657380
11.549868
11.443347
11.337808
11.233243
11.129642
11.026997
10.925298
10.824537
10.724706
10.625795
10.527796
10.430702
10.334503
10.239191
10.144758
10.051196
9.958497
9.866652
9.775655
9.685497
9.596171
9.507669
9.419982
9.333105
9.247029
9.161746
9.077250
8.993534
8.910589
8.828410
8.746988
8.666317
8.586391
8.507201
8.428742
8.351006
8.273988
8.197680
8.122075
8.047168
7.972951
7.899419
7.826566
7.754384
7.682868
7.612011
7.541808
7.472253
7.403339
7.335060
7.267411
7.200386
7.133980
7.068185
7.002998
6.938412
6.874421
6.811021
6.748205
6.685969
6.624306
6.563212
6.502682
6.442710
6.383291
6.324421
6.266093
6.208303
6.151046
6.094317
6.038111
5.982424
5.927250
5.872585
5.818424
5.764763
5.711597
5.658921
5.606730
5.555022
5.503790
5.453030
5.402739
5.352911
5.303543
5.254631
5.206169
5.158155
5.110583
5.063450
5.016752
4.970484
4.924643
4.879225
4.834226
4.789641
4.745468
4.701703
4.658341
4.615379
4.572813
4.530639
4.488855
4.447456
4.406439
4.365800
4.325536
4.285643
4.246118
4.206958
4.168159
4.129717
4.091631
4.053895
4.016508
3.979465
3.942764
3.906401
3.870374
3.834679
3.799314
3.764274
3.729558
3.695161
3.661082
3.627318
3.593864
3.560720
3.527881
3.495344
3.463108
3.431169
3.399525
3.368173
3.337109
3.306333
3.275840
3.245628
3.215695
3.186038
3.156654
3.127542
3.098698
3.070120
3.041805
3.013752
2.985957
2.958419
2.931135
2.904102
2.877319
2.850783
2.824491
2.798442
2.772633
2.747062
2.721727
2.696626
2.671756
2.647116
2.622703
2.598515
2.574550
2.550806
2.527281
2.503973
2.480880
2.458000
2.435330
2.412870
2.390618
2.368570
2.346726
2.325083
2.303640
2.282394
2.261345
2.240489
2.219826
2.199354
2.179070
2.158974
2.139062
2.119335
2.099789
2.080424
2.061237
2.042227
2.023393
2.004732
1.986243
1.967925
1.949776
1.931794
1.913978
1.896326
1.878837
1.861509
1.844341
1.827332
1.810479
1.793782
1.777239
1.760848
1.744609
1.728519
1.712578
1.696783
1.681135
1.665630
1.650269
1.635050
1.619970
1.605030
1.590228
1.575562
1.561031
1.546634
1.532371
1.518238
1.504236
1.490363
1.476618
1.463000
1.449508
1.436140
1.422895
1.409772
1.396771
1.383889
1.371126
1.358481
1.345952
1.333539
1.321240
1.309055
1.296983
1.285021
1.273170
1.261428
1.249795
1.238268
1.226849
1.215534
1.204324
1.193217
1.182212
1.171309
1.160507
1.149804
1.139200
1.128694
1.118285
1.107971
1.097753
1.087629
1.077598
1.067660
1.057814
1.048058
1.038392
1.028816
1.019327
1.009927
1.000613
0.991385
0.982242
0.973183
0.964208
0.955315
0.946505
0.937776
0.929127
0.920558
0.912069
0.903657
0.895323
0.887066
0.878885
0.870780
0.862749
0.854792
0.846909
0.839098
0.831360
0.823693
0.816096
0.808570
0.801113
0.793724
0.786404
0.779152
0.771966
0.764847
0.757793
0.750804
0.743880
0.737020
0.730222
0.723488
0.716816
0.710205
0.703655
0.697166
0.690736
0.684366
0.678054
0.671801
0.665605
0.659467
0.653385
0.647359
0.641389
0.635474
0.629613
0.623806
0.618053
0.612353
0.606706
0.601111
0.595567
0.590075
0.584633
0.579241
0.573899
0.568606
0.563362
0.558167
0.553019
0.547919
0.542866
0.537859
0.532899
0.527984
0.523115
0.518290
0.513511
0.508775
0.504083
0.499434
0.494828
0.490264
0.485743
0.481263
0.476825
0.472427
0.468070
0.463754
0.459477
0.455239
0.451041
0.446881
0.442760
0.438676
0.434631
0.430622
0.426651
0.422716
0.418818
0.414955
0.411129
0.407337
0.403580
0.399858
0.396171
0.392517
0.388897
0.385311
0.381757
0.378236
0.374748
0.371292
0.367868
0.364475
0.361114
0.357784
0.354484
0.351215
0.347976
0.344767
0.341587
0.338437
0.335316
0.332223
0.329159
0.326124
0.323116
0.320136
0.317184
0.314258
0.311360
0.308489
0.305644
0.302825
0.300032
0.297265
0.294524
0.291808
0.289116
0.286450
0.283808
0.281191
0.278598
0.276028
0.273483
0.270961
0.268462
0.265986
0.263533
0.261102
0.258694
0.256309
0.253945
0.251603
0.249283
0.246984
0.244706
0.242449
0.240213
0.237998
0.235803
0.233628
0.231474
0.229339
0.227224
0.225128
0.223052
0.220995
0.218957
0.216938
0.214937
0.212955
0.210991
0.209045
0.207117
0.205207
0.203314
0.201439
0.199582
0.197741
0.195917
0.194111
0.192321
0.190547
0.188790
0.187048
0.185323
0.183614
0.181921
0.180243
0.178581
0.176934
0.175302
0.173686
0.172084
0.170497
0.168924
0.167367
0.165823
0.164294
0.162779
0.161277
0.159790
0.158316
0.156856
0.155410
0.153977
0.152557
0.151150
0.149756
0.148375
0.147006
0.145651
0.144307
0.142976
0.141658
0.140351
0.139057
0.137775
0.136504
0.135245
0.133998
0.132762
0.131538
0.130325
0.129123
0.127932
0.126752
0.125583
0.124425
0.123278
0.122141
0.121014
0.119898
0.118793
0.117697
0.116612
0.115536
0.114471
0.113415
0.112369
0.111333
0.110306
0.109289
0.108281
0.107282
0.106293
0.105313
0.104341
0.103379
0.102426
0.101481
0.100545
0.099618
0.098699
0.097789
0.096887
0.095994
0.095108
0.094231
0.093362
0.092501
0.091648
0.090803
0.089966
0.089136
0.088314
0.087499
0.086692
0.085893
0.085101
0.084316
0.083538
0.082768
0.082005
0.081248
0.080499
0.079757
0.079021
0.078292
0.077570
0.076855
0.076146
0.075444
0.074748
0.074059
0.073376
0.072699
0.072029
0.071364
0.070706
0.070054
0.069408
0.068768
0.068134
0.067506
0.066883
0.066266
0.065655
0.065050
0.064450
0.063855
0.063266
0.062683
0.062105
0.061532
0.060965
0.060402
0.059845
0.059294
0.058747
0.058205
0.057668
0.057136
0.056609
0.056087
0.055570
0.055058
0.054550
0.054047
0.053548
0.053055
0.052565
0.052080
0.051600
0.051124
0.050653
0.050186
0.049723
0.049264
0.048810
0.048360
0.047914
0.047472
0.047034
0.046600
0.046171
0.045745
0.045323
0.044905
0.044491
0.044081
0.043674
0.043271
0.042872
0.042477
0.042085
0.041697
0.041313
0.040932
0.040554
0.040180
0.039809
0.039442
0.039079
0.038718
0.038361
0.038007
0.037657
0.037310
0.036966
0.036625
0.036287
0.035952
0.035621
0.035292
0.034967
0.034644
0.034325
0.034008
0.033695
0.033384
0.033076
0.032771
0.032469
0.032169
0.031873
0.031579
0.031287
0.030999
0.030713
0.030430
0.030149
0.029871
0.029596
0.029323
0.029052
0.028784
0.028519
0.028256
0.027995
0.027737
0.027481
0.027228
0.026977
0.026728
0.026482
0.026237
0.025995
0.025756
0.025518
0.025283
0.025050
0.024819
0.024590
0.024363
0.024138
0.023916
0.023695
0.023477
0.023260
0.023046
0.022833
0.022622
0.022414
0.022207
0.022002
0.021799
0.021598
0.021399
0.021202
0.021006
0.020813
0.020621
0.020431
0.020242
0.020055
0.019870
0.019687
0.019506
0.019326
0.019148
0.018971
0.018796
0.018623
0.018451
0.018281
0.018112
0.017945
0.017780
0.017616
0.017453
0.017292
0.017133
0.016975
0.016818
0.016663
0.016510
0.016357
0.016206
0.016057
0.015909
0.015762
0.015617
0.015473
0.015330
0.015189
0.015049
0.014910
0.014772
0.014636
0.014501
0.014367
0.014235
0.014104
0.013974
0.013845
0.013717
0.013591
0.013465
0.013341
0.013218
0.013096
0.012975
0.012856
0.012737
0.012620
0.012503
0.012388
0.012274
0.012161
0.012048
0.011937
0.011827
0.011718
0.011610
0.011503
0.011397
0.011292
0.011188
0.011084
0.010982
0.010881
0.010781
0.010681
0.010583
0.010485
0.010388
0.010293
0.010198
0.010104
0.010010
0.009918
0.009827
0.009736
0.009646
0.009557
0.009469
0.009382
0.009295
0.009210
0.009125
0.009041
0.008957
0.008875
0.008793
0.008712
0.008631
0.008552
0.008473
0.008395
0.008317
0.008241
0.008165
0.008089
0.008015
0.007941
0.007868
0.007795
0.007723
0.007652
0.007581
0.007511
0.007442
0.007373
0.007305
0.007238
0.007171
0.007105
0.007040
0.006975
0.006910
0.006847
0.006784
0.006721
0.006659
0.006598
0.006537
0.006476
0.006417
0.006358
0.006299
0.006241
0.006183
0.006126
0.006070
0.006014
0.005958
0.005903
0.005849
0.005795
0.005742
0.005689
0.005636
0.005584
0.005533
0.005482
0.005431
0.005381
0.005331
0.005282
0.005233
0.005185
0.005137
0.005090
0.005043
0.004997
0.004950
0.004905
0.004860
0.004815
0.004770
0.004726
0.004683
0.004640
0.004597
0.004554
0.004512
0.004471
0.004430
0.004389
0.004348
0.004308
0.004268
0.004229
0.004190
0.004151
0.004113
0.004075
0.004038
0.004000
0.003963
0.003927
0.003891
0.003855
0.003819
0.003784
0.003749
0.003715
0.003680
0.003646
0.003613
0.003579
0.003546
0.003514
0.003481
0.003449
0.003417
0.003386
0.003355
0.003324
0.003293
0.003263
0.003233
0.003203
0.003173
0.003144
0.003115
0.003086
0.003058
