15.774831
27.443414
30.186167
30.668330
30.579423
30.347695
30.081683
29.808881
29.536243
29.265512
28.997115
28.731141
28.467597
28.206469
27.947735
27.691374
27.437365
27.185686
26.936316
26.689233
26.444416
26.201846
25.961500
25.723359
25.487402
25.253610
25.021962
24.792440
24.565022
24.339691
24.116427
23.895210
23.676023
23.458847
23.243662
23.030452
22.819197
22.609880
22.402484
22.196989
21.993380
21.791638
21.591747
21.393689
21.197448
21.003008
20.810351
20.619461
20.430322
20.242918
20.057233
19.873251
19.690957
19.510336
19.331371
19.154047
18.978351
18.804265
18.631777
18.460871
18.291533
18.123748
17.957502
17.792781
17.629571
17.467858
17.307629
17.148869
16.991566
16.835705
16.681274
16.528260
16.376649
16.226429
16.077587
15.930111
15.783987
15.639203
15.495748
15.353608
15.212773
15.073229
14.934965
14.797970
14.662231
14.527737
14.394477
14.262439
14.131613
14.001986
13.873549
13.746290
13.620198
13.495262
13.371473
13.248819
13.127291
13.006877
12.887567
12.769352
12.652222
12.536166
12.421174
12.307237
12.194346
12.082489
11.971659
11.861846
11.753040
11.645232
11.538412
11.432573
11.327705
11.223798
11.120845
11.018836
10.917762
10.817616
10.718389
10.620071
10.522656
10.426134
10.330497
10.235738
10.141848
10.048819
9.956644
9.865314
9.774821
9.685159
9.596319
9.508295
9.421077
9.334660
9.249035
9.164196
9.080135
8.996845
8.914319
8.832551
8.751532
8.671256
8.591717
8.512907
8.434820
8.357450
8.280789
8.204831
8.129570
8.055000
7.981113
7.907905
7.835367
7.763496
7.692283
7.621724
7.551811
7.482541
7.413905
7.345899
7.278517
7.211753
7.145602
7.080057
7.015114
6.950766
6.887008
6.823836
6.761242
6.699223
6.637773
6.576887
6.516559
6.456784
6.397558
6.338875
6.280730
6.223118
6.166035
6.109476
6.053435
5.997909
5.942892
5.888379
5.834367
5.780850
5.727824
5.675284
5.623226
5.571646
5.520539
5.469901
5.419727
5.370013
5.320755
5.271950
5.223592
5.175677
5.128202
5.081163
5.034555
4.988374
4.942617
4.897280
4.852359
4.807850
4.763749
4.720052
4.676756
4.633858
4.591353
4.549238
4.507509
4.466163
4.425196
4.384605
4.344387
4.304537
4.265053
4.225931
4.187168
4.148760
4.110705
4.072998
4.035638
3.998621
3.961942
3.925601
3.889592
3.853914
3.818564
3.783537
3.748832
3.714445
3.680374
3.646615
3.613166
3.580023
3.547185
3.514648
3.482409
3.450466
3.418816
3.387456
3.356384
3.325597
3.295093
3.264868
3.234920
3.205247
3.175847
3.146716
3.117852
3.089253
3.060916
3.032840
3.005020
2.977456
2.950145
2.923084
2.896272
2.869705
2.843383
2.817301
2.791459
2.765854
2.740484
2.715346
2.690439
2.665761
2.641309
2.617081
2.593075
2.569290
2.545723
2.522372
2.499235
2.476310
2.453596
2.431090
2.408791
2.386696
2.364803
2.343112
2.321619
2.300324
2.279224
2.258317
2.237603
2.217078
2.196742
2.176592
2.156627
2.136845
2.117244
2.097823
2.078581
2.059515
2.040624
2.021906
2.003360
1.984984
1.966776
1.948736
1.930861
1.913149
1.895601
1.878213
1.860985
1.843915
1.827001
1.810243
1.793638
1.777186
1.760885
1.744733
1.728729
1.712872
1.697161
1.681593
1.666169
1.650885
1.635742
1.620738
1.605872
1.591142
1.576547
1.562086
1.547758
1.533561
1.519494
1.505556
1.491746
1.478063
1.464506
1.451072
1.437762
1.424574
1.411507
1.398560
1.385731
1.373021
1.360427
1.347948
1.335584
1.323333
1.311195
1.299168
1.287251
1.275443
1.263744
1.252152
1.240667
1.229287
1.218011
1.206839
1.195769
1.184801
1.173933
1.163165
1.152496
1.141924
1.131450
1.121072
1.110789
1.100600
1.090505
1.080502
1.070591
1.060771
1.051041
1.041400
1.031848
1.022383
1.013005
1.003713
0.994507
0.985384
0.976346
0.967390
0.958517
0.949725
0.941013
0.932382
0.923830
0.915356
0.906960
0.898640
0.890398
0.882230
0.874138
0.866120
0.858176
0.850304
0.842504
0.834776
0.827119
0.819533
0.812015
0.804567
0.797187
0.789875
0.782630
0.775451
0.768338
0.761291
0.754308
0.747389
0.740533
0.733741
0.727011
0.720342
0.713735
0.707188
0.700701
0.694274
0.687906
0.681596
0.675344
0.669149
0.663012
0.656930
0.650904
0.644934
0.639018
0.633157
0.627349
0.621595
0.615893
0.610244
0.604646
0.599100
0.593605
0.588160
0.582765
0.577420
0.572123
0.566876
0.561676
0.556524
0.551419
0.546361
0.541350
0.536384
0.531464
0.526589
0.521759
0.516973
0.512232
0.507533
0.502878
0.498265
0.493695
0.489166
0.484679
0.480234
0.475829
0.471464
0.467140
0.462855
0.458609
0.454403
0.450235
0.446105
0.442013
0.437959
0.433942
0.429961
0.426017
0.422110
0.418238
0.414402
0.410601
0.406834
0.403103
0.399405
0.395742
0.392112
0.388515
0.384952
0.381421
0.377922
0.374455
0.371021
0.367618
0.364246
0.360905
0.357594
0.354314
0.351064
0.347844
0.344654
0.341492
0.338360
0.335256
0.332181
0.329134
0.326115
0.323124
0.320160
0.317224
0.314314
0.311431
0.308574
0.305744
0.302939
0.300161
0.297407
0.294680
0.291977
0.289298
0.286645
0.284016
0.281410
0.278829
0.276272
0.273738
0.271227
0.268739
0.266274
0.263832
0.261412
0.259014
0.256638
0.254284
0.251952
0.249641
0.247351
0.245082
0.242834
0.240607
0.238400
0.236213
0.234046
0.231900
0.229772
0.227665
0.225577
0.223508
0.221457
0.219426
0.217413
0.215419
0.213443
0.211486
0.209546
0.207624
0.205719
0.203832
0.201963
0.200110
0.198275
0.196456
0.194654
0.192869
0.191100
0.189347
0.187610
0.185889
0.184184
0.182495
0.180821
0.179162
0.177519
0.175891
0.174277
0.172679
0.171095
0.169525
0.167970
0.166430
0.164903
0.163391
0.161892
0.160407
0.158936
0.157478
0.156033
0.154602
0.153184
0.151779
0.150387
0.149008
0.147641
0.146287
0.144945
0.143615
0.142298
0.140993
0.139699
0.138418
0.137148
0.135891
0.134644
0.133409
0.132185
0.130973
0.129772
0.128581
0.127402
0.126233
0.125075
0.123928
0.122791
0.121665
0.120549
0.119444
0.118348
0.117262
0.116187
0.115121
0.114065
0.113019
0.111982
0.110955
0.109937
0.108929
0.107930
0.106940
0.105959
0.104987
0.104024
0.103070
0.102125
0.101188
0.100260
0.099340
0.098429
0.097526
0.096632
0.095745
0.094867
0.093997
0.093135
0.092280
0.091434
0.090595
0.089764
0.088941
0.088125
0.087317
0.086516
0.085722
0.084936
0.084157
0.083385
0.082620
0.081863
0.081112
0.080368
0.079631
0.078900
0.078176
0.077459
0.076749
0.076045
0.075347
0.074656
0.073972
0.073293
0.072621
0.071955
0.071295
0.070641
0.069993
0.069351
0.068715
0.068084
0.067460
0.066841
0.066228
0.065621
0.065019
0.064422
0.063831
0.063246
0.062666
0.062091
0.061522
0.060957
0.060398
0.059844
0.059295
0.058751
0.058212
0.057679
0.057149
0.056625
0.056106
0.055591
0.055081
0.054576
0.054076
0.053580
0.053088
0.052601
0.052119
0.051641
0.051167
0.050698
0.050233
0.049772
0.049315
0.048863
0.048415
0.047971
0.047531
0.047095
0.046663
0.046235
0.045811
0.045391
0.044974
0.044562
0.044153
0.043748
0.043347
0.042949
0.042555
0.042165
0.041778
0.041395
0.041015
0.040639
0.040266
0.039897
0.039531
0.039168
0.038809
0.038453
0.038100
0.037751
0.037405
0.037062
0.036722
0.036385
0.036051
0.035720
0.035393
0.035068
0.034747
0.034428
0.034112
0.033799
0.033489
0.033182
0.032878
0.032576
0.032277
0.031981
0.031688
0.031397
0.031109
0.030824
0.030541
0.030261
0.029983
0.029708
0.029436
0.029166
0.028898
0.028633
0.028371
0.028111
0.027853
0.027597
0.027344
0.027093
0.026845
0.026599
0.026355
0.026113
0.025873
0.025636
0.025401
0.025168
0.024937
0.024708
0.024482
0.024257
0.024035
0.023814
0.023596
0.023379
0.023165
0.022952
0.022742
0.022533
0.022327
0.022122
0.021919
0.021718
0.021519
0.021321
0.021126
0.020932
0.020740
0.020550
0.020361
0.020175
0.019989
0.019806
0.019624
0.019444
0.019266
0.019089
0.018914
0.018741
0.018569
0.018399
0.018230
0.018063
0.017897
0.017733
0.017570
0.017409
0.017249
0.017091
0.016934
0.016779
0.016625
0.016473
0.016322
0.016172
0.016024
0.015877
0.015731
0.015587
0.015444
0.015302
0.015162
0.015023
0.014885
0.014748
0.014613
0.014479
0.014346
0.014215
0.014084
0.013955
0.013827
0.013700
0.013575
0.013450
0.013327
0.013204
0.013083
0.012963
0.012844
0.012727
0.012610
0.012494
0.012380
0.012266
0.012154
0.012042
0.011932
0.011822
0.011714
0.011606
0.011500
0.011394
0.011290
0.011186
0.011084
0.010982
0.010881
0.010781
0.010683
0.010585
0.010488
0.010391
0.010296
0.010202
0.010108
0.010015
0.009923
0.009832
0.009742
0.009653
0.009564
0.009477
0.009390
0.009304
0.009218
0.009134
0.009050
0.008967
0.008885
0.008803
0.008722
0.008642
0.008563
0.008485
0.008407
0.008330
0.008253
0.008178
0.008103
0.008028
0.007955
0.007882
0.007809
0.007738
0.007667
0.007596
0.007527
0.007458
0.007389
0.007322
0.007254
0.007188
0.007122
0.007057
0.006992
0.006928
0.006864
0.006801
0.006739
0.006677
0.006616
0.006555
0.006495
0.006435
0.006376
0.006318
0.006260
0.006202
0.006146
0.006089
0.006033
0.005978
0.005923
0.005869
0.005815
0.005762
0.005709
0.005656
0.005605
0.005553
0.005502
0.005452
0.005402
0.005352
0.005303
0.005255
0.005206
0.005159
0.005111
0.005064
0.005018
0.004972
0.004926
0.004881
0.004836
0.004792
0.004748
0.004704
0.004661
0.004619
0.004576
0.004534
0.004493
0.004451
0.004411
0.004370
0.004330
0.004290
0.004251
0.004212
0.004173
0.004135
0.004097
0.004060
0.004022
0.003985
0.003949
0.003913
0.003877
0.003841
0.003806
0.003771
0.003736
0.003702
0.003668
0.003635
0.003601
0.003568
0.003535
0.003503
0.003471
0.003439
0.003407
0.003376
0.003345
0.003315
0.003284
0.003254
0.003224
0.003195
