15.674006
27.319124
30.019612
30.483834
30.390406
30.159348
29.895747
29.625880
29.356305
29.088647
28.823295
28.560330
28.299756
28.041557
27.785713
27.532204
27.281007
27.032103
26.785469
26.541085
26.298932
26.058987
25.821232
25.585646
25.352209
25.120903
24.891706
24.664601
24.439568
24.216588
23.995643
23.776713
23.559781
23.344828
23.131836
22.920788
22.711665
22.504450
22.299126
22.095675
21.894080
21.694325
21.496392
21.300265
21.105927
20.913363
20.722556
20.533489
20.346147
20.160515
19.976576
19.794316
19.613718
19.434768
19.257451
19.081752
18.907656
18.735148
18.564214
18.394840
18.227011
18.060713
17.895932
17.732655
17.570868
17.410556
17.251708
17.094308
16.938345
16.783805
16.630675
16.478941
16.328593
16.179616
16.031998
15.885727
15.740790
15.597176
15.454873
15.313867
15.174148
15.035704
14.898523
14.762594
14.627904
14.494444
14.362201
14.231165
14.101325
13.972669
13.845187
13.718868
13.593701
13.469677
13.346784
13.225012
13.104351
12.984791
12.866322
12.748934
12.632617
12.517361
12.403157
12.289995
12.177865
12.066758
11.956665
11.847577
11.739483
11.632376
11.526246
11.421085
11.316883
11.213631
11.111322
11.009946
10.909495
10.809961
10.711334
10.613608
10.516773
10.420821
10.325745
10.231537
10.138188
10.045691
9.954037
9.863220
9.773232
9.684064
9.595710
9.508162
9.421413
9.335456
9.250282
9.165886
9.082260
8.999396
8.917289
8.835931
8.755315
8.675435
8.596283
8.517854
8.440140
8.363135
8.286833
8.211227
8.136311
8.062078
7.988523
7.915639
7.843419
7.771859
7.700951
7.630691
7.561071
7.492087
7.423732
7.356000
7.288887
7.222386
7.156492
7.091198
7.026501
6.962394
6.898872
6.835929
6.773561
6.711761
6.650526
6.589849
6.529726
6.470151
6.411120
6.352627
6.294668
6.237238
6.180332
6.123945
6.068073
6.012710
5.957853
5.903495
5.849634
5.796265
5.743382
5.690981
5.639059
5.587611
5.536632
5.486118
5.436064
5.386468
5.337324
5.288628
5.240377
5.192566
5.145191
5.098249
5.051734
5.005644
4.959975
4.914722
4.869882
4.825451
4.781426
4.737802
4.694576
4.651745
4.609304
4.567251
4.525581
4.484292
4.443379
4.402840
4.362670
4.322867
4.283427
4.244347
4.205623
4.167253
4.129232
4.091559
4.054229
4.017240
3.980589
3.944272
3.908286
3.872628
3.837296
3.802286
3.767596
3.733222
3.699162
3.665412
3.631970
3.598834
3.566000
3.533465
3.501227
3.469284
3.437632
3.406268
3.375191
3.344397
3.313884
3.283650
3.253691
3.224006
3.194592
3.165446
3.136566
3.107949
3.079593
3.051497
3.023656
2.996070
2.968735
2.941650
2.914811
2.888218
2.861867
2.835757
2.809885
2.784248
2.758846
2.733676
2.708735
2.684022
2.659534
2.635270
2.611227
2.587403
2.563797
2.540406
2.517228
2.494262
2.471506
2.448957
2.426614
2.404475
2.382537
2.360800
2.339261
2.317919
2.296772
2.275817
2.255053
2.234479
2.214093
2.193893
2.173877
2.154043
2.134391
2.114918
2.095622
2.076503
2.057558
2.038786
2.020185
2.001754
1.983491
1.965394
1.947463
1.929695
1.912090
1.894645
1.877359
1.860231
1.843259
1.826442
1.809778
1.793267
1.776906
1.760694
1.744631
1.728714
1.712942
1.697314
1.681828
1.666484
1.651280
1.636214
1.621286
1.606495
1.591838
1.577315
1.562924
1.548665
1.534535
1.520535
1.506663
1.492917
1.479296
1.465800
1.452426
1.439175
1.426045
1.413034
1.400143
1.387368
1.374711
1.362169
1.349741
1.337427
1.325225
1.313134
1.301154
1.289283
1.277520
1.265864
1.254315
1.242872
1.231532
1.220297
1.209163
1.198131
1.187200
1.176369
1.165636
1.155002
1.144464
1.134023
1.123676
1.113425
1.103266
1.093201
1.083227
1.073344
1.063552
1.053848
1.044234
1.034707
1.025266
1.015912
1.006644
0.997460
0.988359
0.979342
0.970407
0.961554
0.952781
0.944088
0.935475
0.926940
0.918483
0.910104
0.901800
0.893573
0.885420
0.877342
0.869338
0.861407
0.853548
0.845760
0.838044
0.830398
0.822822
0.815315
0.807877
0.800506
0.793203
0.785966
0.778795
0.771690
0.764650
0.757673
0.750761
0.743911
0.737124
0.730399
0.723735
0.717132
0.710590
0.704107
0.697683
0.691318
0.685010
0.678761
0.672568
0.666432
0.660352
0.654327
0.648358
0.642442
0.636581
0.630773
0.625018
0.619316
0.613666
0.608067
0.602520
0.597023
0.591576
0.586178
0.580830
0.575531
0.570281
0.565078
0.559922
0.554814
0.549752
0.544736
0.539767
0.534842
0.529962
0.525127
0.520336
0.515589
0.510885
0.506224
0.501606
0.497029
0.492495
0.488002
0.483549
0.479138
0.474766
0.470435
0.466143
0.461890
0.457676
0.453501
0.449363
0.445263
0.441201
0.437176
0.433187
0.429235
0.425319
0.421439
0.417594
0.413784
0.410009
0.406268
0.402562
0.398889
0.395250
0.391644
0.388071
0.384530
0.381022
0.377546
0.374101
0.370688
0.367306
0.363955
0.360635
0.357344
0.354084
0.350854
0.347653
0.344481
0.341338
0.338224
0.335138
0.332081
0.329051
0.326049
0.323074
0.320127
0.317206
0.314312
0.311445
0.308603
0.305788
0.302998
0.300234
0.297494
0.294780
0.292091
0.289426
0.286786
0.284169
0.281577
0.279008
0.276462
0.273940
0.271441
0.268964
0.266510
0.264079
0.261670
0.259282
0.256917
0.254573
0.252250
0.249949
0.247669
0.245409
0.243170
0.240952
0.238753
0.236575
0.234417
0.232278
0.230159
0.228059
0.225978
0.223917
0.221874
0.219850
0.217844
0.215856
0.213887
0.211936
0.210002
0.208086
0.206188
0.204307
0.202443
0.200596
0.198766
0.196952
0.195155
0.193375
0.191611
0.189863
0.188130
0.186414
0.184713
0.183028
0.181358
0.179704
0.178064
0.176440
0.174830
0.173235
0.171654
0.170088
0.168537
0.166999
0.165475
0.163966
0.162470
0.160988
0.159519
0.158064
0.156621
0.155193
0.153777
0.152374
0.150984
0.149606
0.148241
0.146889
0.145549
0.144221
0.142905
0.141601
0.140309
0.139029
0.137761
0.136504
0.135259
0.134025
0.132802
0.131590
0.130390
0.129200
0.128022
0.126854
0.125696
0.124549
0.123413
0.122287
0.121172
0.120066
0.118971
0.117885
0.116810
0.115744
0.114688
0.113642
0.112605
0.111578
0.110560
0.109551
0.108552
0.107561
0.106580
0.105608
0.104644
0.103689
0.102743
0.101806
0.100877
0.099957
0.099045
0.098141
0.097246
0.096359
0.095480
0.094609
0.093746
0.092890
0.092043
0.091203
0.090371
0.089547
0.088730
0.087920
0.087118
0.086323
0.085536
0.084755
0.083982
0.083216
0.082457
0.081704
0.080959
0.080220
0.079488
0.078763
0.078045
0.077333
0.076627
0.075928
0.075235
0.074549
0.073869
0.073195
0.072527
0.071865
0.071210
0.070560
0.069916
0.069279
0.068646
0.068020
0.067400
0.066785
0.066175
0.065572
0.064974
0.064381
0.063793
0.063211
0.062635
0.062063
0.061497
0.060936
0.060380
0.059829
0.059283
0.058743
0.058207
0.057676
0.057149
0.056628
0.056111
0.055599
0.055092
0.054590
0.054092
0.053598
0.053109
0.052625
0.052144
0.051669
0.051197
0.050730
0.050267
0.049809
0.049354
0.048904
0.048458
0.048016
0.047578
0.047144
0.046714
0.046287
0.045865
0.045447
0.045032
0.044621
0.044214
0.043811
0.043411
0.043015
0.042623
0.042234
0.041848
0.041467
0.041088
0.040714
0.040342
0.039974
0.039609
0.039248
0.038890
0.038535
0.038184
0.037835
0.037490
0.037148
0.036809
0.036473
0.036141
0.035811
0.035484
0.035160
0.034840
0.034522
0.034207
0.033895
0.033586
0.033279
0.032975
0.032675
0.032377
0.032081
0.031788
0.031498
0.031211
0.030926
0.030644
0.030365
0.030088
0.029813
0.029541
0.029272
0.029005
0.028740
0.028478
0.028218
0.027961
0.027705
0.027453
0.027202
0.026954
0.026708
0.026464
0.026223
0.025984
0.025747
0.025512
0.025279
0.025048
0.024820
0.024594
0.024369
0.024147
0.023927
0.023708
0.023492
0.023278
0.023065
0.022855
0.022646
0.022440
0.022235
0.022032
0.021831
0.021632
0.021435
0.021239
0.021045
0.020853
0.020663
0.020475
0.020288
0.020103
0.019919
0.019738
0.019557
0.019379
0.019202
0.019027
0.018853
0.018681
0.018511
0.018342
0.018175
0.018009
0.017845
0.017682
0.017521
0.017361
0.017202
0.017045
0.016890
0.016736
0.016583
0.016432
0.016282
0.016133
0.015986
0.015840
0.015696
0.015553
0.015411
0.015270
0.015131
0.014993
0.014856
0.014721
0.014586
0.014453
0.014321
0.014191
0.014061
0.013933
0.013806
0.013680
0.013555
0.013431
0.013309
0.013187
0.013067
0.012948
0.012830
0.012713
0.012597
0.012482
0.012368
0.012255
0.012143
0.012033
0.011923
0.011814
0.011706
0.011599
0.011494
0.011389
0.011285
0.011182
0.011080
0.010979
0.010879
0.010779
0.010681
0.010584
0.010487
0.010391
0.010297
0.010203
0.010110
0.010017
0.009926
0.009835
0.009746
0.009657
0.009569
0.009481
0.009395
0.009309
0.009224
0.009140
0.009057
0.008974
0.008892
0.008811
0.008731
0.008651
0.008572
0.008494
0.008416
0.008340
0.008263
0.008188
0.008113
0.008039
0.007966
0.007893
0.007821
0.007750
0.007679
0.007609
0.007540
0.007471
0.007403
0.007335
0.007268
0.007202
0.007136
0.007071
0.007007
0.006943
0.006879
0.006817
0.006755
0.006693
0.006632
0.006571
0.006511
0.006452
0.006393
0.006335
0.006277
0.006220
0.006163
0.006107
0.006051
0.005996
0.005941
0.005887
0.005833
0.005780
0.005727
0.005675
0.005623
0.005572
0.005521
0.005471
0.005421
0.005371
0.005322
0.005274
0.005226
0.005178
0.005131
0.005084
0.005038
0.004992
0.004946
0.004901
0.004856
0.004812
0.004768
0.004725
0.004681
0.004639
0.004596
0.004554
0.004513
0.004472
0.004431
0.004390
0.004350
0.004311
0.004271
0.004232
0.004194
0.004156
0.004118
0.004080
0.004043
0.004006
0.003969
0.003933
0.003897
0.003862
0.003827
0.003792
0.003757
0.003723
0.003689
0.003655
0.003622
0.003589
0.003556
0.003524
0.003491
0.003460
0.003428
0.003397
0.003366
0.003335
