15.574203
27.195119
29.853934
30.300770
30.203090
29.972785
29.711590
29.444619
29.178057
28.913418
28.651057
28.391047
28.133390
27.878068
27.625064
27.374356
27.125923
26.879744
26.635800
26.394069
26.154533
25.917170
25.681962
25.448888
25.217929
24.989067
24.762281
24.537554
24.314866
24.094199
23.875535
23.658856
23.444142
23.231378
23.020544
22.811624
22.604600
22.399454
22.196171
21.994732
21.795122
21.597323
21.401319
21.207094
21.014632
20.823916
20.634931
20.447662
20.262091
20.078205
19.895988
19.715425
19.536500
19.359199
19.183507
19.009410
18.836893
18.665941
18.496541
18.328678
18.162338
17.997509
17.834175
17.672323
17.511941
17.353013
17.195529
17.039473
16.884834
16.731598
16.579753
16.429286
16.280184
16.132436
15.986028
15.840949
15.697187
15.554730
15.413565
15.273681
15.135068
14.997712
14.861602
14.726728
14.593078
14.460641
14.329405
14.199361
14.070497
13.942802
13.816267
13.690879
13.566630
13.443508
13.321504
13.200607
13.080807
12.962094
12.844459
12.727891
12.612381
12.497920
12.384497
12.272104
12.160730
12.050368
11.941007
11.832638
11.725253
11.618843
11.513398
11.408910
11.305370
11.202770
11.101102
11.000356
10.900524
10.801598
10.703570
10.606432
10.510175
10.414792
10.320275
10.226615
10.133805
10.041838
9.950705
9.860399
9.770913
9.682239
9.594369
9.507298
9.421016
9.335517
9.250795
9.166841
9.083649
9.001212
8.919523
8.838576
8.758363
8.678878
8.600115
8.522066
8.444726
8.368088
8.292145
8.216891
8.142320
8.068426
7.995203
7.922644
7.850744
7.779496
7.708895
7.638934
7.569609
7.500913
7.432840
7.365384
7.298541
7.232305
7.166670
7.101630
7.037181
6.973317
6.910032
6.847321
6.785180
6.723602
6.662584
6.602119
6.542203
6.482831
6.423997
6.365698
6.307927
6.250681
6.193954
6.137743
6.082041
6.026845
5.972150
5.917951
5.864244
5.811024
5.758287
5.706029
5.654246
5.602932
5.552084
5.501697
5.451768
5.402292
5.353264
5.304682
5.256541
5.208836
5.161565
5.114722
5.068305
5.022309
4.976730
4.931565
4.886810
4.842461
4.798514
4.754966
4.711814
4.669053
4.626680
4.584692
4.543085
4.501855
4.461000
4.420515
4.380398
4.340644
4.301252
4.262217
4.223537
4.185207
4.147225
4.109588
4.072293
4.035336
3.998714
3.962425
3.926465
3.890831
3.855521
3.820531
3.785859
3.751501
3.717456
3.683719
3.650288
3.617161
3.584335
3.551806
3.519572
3.487632
3.455981
3.424617
3.393538
3.362740
3.332223
3.301982
3.272016
3.242322
3.212897
3.183739
3.154846
3.126215
3.097844
3.069730
3.041872
3.014266
2.986911
2.959804
2.932944
2.906326
2.879951
2.853815
2.827916
2.802252
2.776821
2.751621
2.726649
2.701904
2.677384
2.653086
2.629009
2.605150
2.581508
2.558080
2.534865
2.511861
2.489065
2.466476
2.444092
2.421912
2.399932
2.378153
2.356570
2.335184
2.313992
2.292992
2.272183
2.251562
2.231129
2.210881
2.190817
2.170935
2.151233
2.131710
2.112364
2.093194
2.074198
2.055374
2.036722
2.018238
1.999922
1.981772
1.963788
1.945966
1.928306
1.910806
1.893465
1.876282
1.859254
1.842381
1.825661
1.809093
1.792675
1.776406
1.760285
1.744310
1.728480
1.712794
1.697250
1.681847
1.666584
1.651460
1.636472
1.621621
1.606905
1.592322
1.577871
1.563552
1.549362
1.535302
1.521369
1.507562
1.493880
1.480323
1.466889
1.453577
1.440385
1.427314
1.414361
1.401525
1.388806
1.376202
1.363713
1.351337
1.339074
1.326921
1.314879
1.302947
1.291122
1.279405
1.267794
1.256289
1.244888
1.233590
1.222395
1.211302
1.200309
1.189416
1.178622
1.167926
1.157327
1.146824
1.136416
1.126103
1.115884
1.105757
1.095722
1.085778
1.075925
1.066161
1.056485
1.046897
1.037397
1.027982
1.018653
1.009409
1.000248
0.991171
0.982176
0.973262
0.964430
0.955678
0.947005
0.938410
0.929894
0.921455
0.913093
0.904807
0.896595
0.888459
0.880396
0.872406
0.864489
0.856644
0.848870
0.841166
0.833532
0.825968
0.818472
0.811044
0.803684
0.796391
0.789163
0.782002
0.774905
0.767872
0.760904
0.753999
0.747156
0.740376
0.733657
0.726999
0.720401
0.713863
0.707385
0.700965
0.694604
0.688300
0.682054
0.675864
0.669731
0.663653
0.657630
0.651662
0.645748
0.639888
0.634081
0.628327
0.622624
0.616974
0.611375
0.605827
0.600329
0.594881
0.589482
0.584133
0.578832
0.573579
0.568373
0.563215
0.558104
0.553039
0.548020
0.543047
0.538119
0.533235
0.528396
0.523601
0.518849
0.514141
0.509475
0.504851
0.500270
0.495730
0.491231
0.486773
0.482356
0.477978
0.473640
0.469342
0.465083
0.460862
0.456680
0.452535
0.448429
0.444359
0.440327
0.436331
0.432371
0.428447
0.424559
0.420706
0.416888
0.413105
0.409356
0.405641
0.401960
0.398312
0.394697
0.391115
0.387566
0.384049
0.380563
0.377110
0.373688
0.370296
0.366936
0.363606
0.360306
0.357036
0.353796
0.350586
0.347404
0.344251
0.341127
0.338031
0.334964
0.331924
0.328912
0.325927
0.322969
0.320038
0.317134
0.314256
0.311404
0.308578
0.305778
0.303003
0.300253
0.297528
0.294828
0.292152
0.289501
0.286874
0.284270
0.281691
0.279134
0.276601
0.274091
0.271604
0.269139
0.266696
0.264276
0.261878
0.259501
0.257146
0.254813
0.252500
0.250209
0.247938
0.245688
0.243459
0.241249
0.239060
0.236890
0.234741
0.232610
0.230499
0.228408
0.226335
0.224281
0.222245
0.220229
0.218230
0.216250
0.214287
0.212342
0.210415
0.208506
0.206614
0.204739
0.202881
0.201040
0.199215
0.197407
0.195616
0.193841
0.192081
0.190338
0.188611
0.186899
0.185203
0.183523
0.181857
0.180207
0.178571
0.176951
0.175345
0.173754
0.172177
0.170614
0.169066
0.167532
0.166011
0.164505
0.163012
0.161533
0.160067
0.158614
0.157175
0.155748
0.154335
0.152934
0.151547
0.150171
0.148808
0.147458
0.146120
0.144794
0.143480
0.142178
0.140888
0.139609
0.138342
0.137087
0.135843
0.134610
0.133388
0.132178
0.130978
0.129790
0.128612
0.127445
0.126288
0.125142
0.124006
0.122881
0.121766
0.120661
0.119566
0.118481
0.117406
0.116340
0.115284
0.114238
0.113201
0.112174
0.111156
0.110147
0.109148
0.108157
0.107176
0.106203
0.105239
0.104284
0.103338
0.102400
0.101471
0.100550
0.099638
0.098733
0.097837
0.096950
0.096070
0.095198
0.094334
0.093478
0.092630
0.091789
0.090956
0.090131
0.089313
0.088502
0.087699
0.086903
0.086115
0.085333
0.084559
0.083791
0.083031
0.082277
0.081531
0.080791
0.080058
0.079331
0.078611
0.077898
0.077191
0.076490
0.075796
0.075108
0.074427
0.073751
0.073082
0.072419
0.071762
0.071110
0.070465
0.069826
0.069192
0.068564
0.067942
0.067325
0.066714
0.066109
0.065509
0.064915
0.064325
0.063742
0.063163
0.062590
0.062022
0.061459
0.060901
0.060349
0.059801
0.059258
0.058721
0.058188
0.057660
0.057136
0.056618
0.056104
0.055595
0.055091
0.054591
0.054095
0.053604
0.053118
0.052636
0.052158
0.051685
0.051216
0.050751
0.050290
0.049834
0.049382
0.048934
0.048490
0.048050
0.047614
0.047181
0.046753
0.046329
0.045909
0.045492
0.045079
0.044670
0.044265
0.043863
0.043465
0.043070
0.042680
0.042292
0.041908
0.041528
0.041151
0.040778
0.040408
0.040041
0.039678
0.039318
0.038961
0.038607
0.038257
0.037910
0.037566
0.037225
0.036887
0.036552
0.036221
0.035892
0.035566
0.035243
0.034924
0.034607
0.034293
0.033981
0.033673
0.033367
0.033065
0.032765
0.032467
0.032173
0.031881
0.031591
0.031305
0.031021
0.030739
0.030460
0.030184
0.029910
0.029638
0.029369
0.029103
0.028839
0.028577
0.028318
0.028061
0.027806
0.027554
0.027304
0.027056
0.026810
0.026567
0.026326
0.026087
0.025850
0.025616
0.025383
0.025153
0.024925
0.024699
0.024474
0.024252
0.024032
0.023814
0.023598
0.023384
0.023172
0.022961
0.022753
0.022547
0.022342
0.022139
0.021938
0.021739
0.021542
0.021346
0.021153
0.020961
0.020771
0.020582
0.020395
0.020210
0.020027
0.019845
0.019665
0.019486
0.019310
0.019134
0.018961
0.018789
0.018618
0.018449
0.018282
0.018116
0.017952
0.017789
0.017627
0.017467
0.017309
0.017152
0.016996
0.016842
0.016689
0.016537
0.016387
0.016239
0.016091
0.015945
0.015801
0.015657
0.015515
0.015374
0.015235
0.015097
0.014960
0.014824
0.014689
0.014556
0.014424
0.014293
0.014163
0.014035
0.013907
0.013781
0.013656
0.013532
0.013409
0.013288
0.013167
0.013048
0.012929
0.012812
0.012696
0.012580
0.012466
0.012353
0.012241
0.012130
0.012020
0.011911
0.011803
0.011696
0.011589
0.011484
0.011380
0.011277
0.011174
0.011073
0.010973
0.010873
0.010774
0.010677
0.010580
0.010484
0.010389
0.010294
0.010201
0.010108
0.010017
0.009926
0.009836
0.009746
0.009658
0.009570
0.009483
0.009397
0.009312
0.009228
0.009144
0.009061
0.008979
0.008897
0.008816
0.008736
0.008657
0.008578
0.008501
0.008423
0.008347
0.008271
0.008196
0.008122
0.008048
0.007975
0.007903
0.007831
0.007760
0.007690
0.007620
0.007551
0.007482
0.007414
0.007347
0.007280
0.007214
0.007149
0.007084
0.007020
0.006956
0.006893
0.006830
0.006768
0.006707
0.006646
0.006586
0.006526
0.006467
0.006408
0.006350
0.006292
0.006235
0.006178
0.006122
0.006067
0.006012
0.005957
0.005903
0.005850
0.005796
0.005744
0.005692
0.005640
0.005589
0.005538
0.005488
0.005438
0.005389
0.005340
0.005291
0.005243
0.005196
0.005149
0.005102
0.005056
0.005010
0.004964
0.004919
0.004875
0.004830
0.004787
0.004743
0.004700
0.004657
0.004615
0.004573
0.004532
0.004491
0.004450
0.004409
0.004369
0.004330
0.004290
0.004252
0.004213
0.004175
0.004137
0.004099
0.004062
0.004025
0.003989
0.003952
0.003917
0.003881
0.003846
0.003811
0.003776
0.003742
0.003708
0.003674
0.003641
0.003608
0.003575
0.003543
0.003511
0.003479
