15.475409
27.071422
29.689152
30.119144
30.017467
29.787992
29.529196
29.265081
29.001484
28.739810
28.480388
28.223281
27.968488
27.715994
27.465780
27.217824
26.972106
26.728607
26.487306
26.248183
26.011220
25.776395
25.543691
25.313087
25.084565
24.858106
24.633692
24.411304
24.190923
23.972532
23.756113
23.541647
23.329118
23.118507
22.909798
22.702973
22.498015
22.294907
22.093633
21.894176
21.696520
21.500648
21.306544
21.114193
20.923579
20.734685
20.547496
20.361998
20.178174
19.996009
19.815490
19.636599
19.459324
19.283650
19.109561
18.937044
18.766084
18.596668
18.428781
18.262410
18.097541
17.934160
17.772254
17.611810
17.452815
17.295255
17.139117
16.984389
16.831057
16.679110
16.528535
16.379319
16.231450
16.084916
15.939705
15.795805
15.653204
15.511891
15.371853
15.233079
15.095558
14.959279
14.824230
14.690401
14.557779
14.426355
14.296117
14.167055
14.039158
13.912416
13.786818
13.662354
13.539013
13.416786
13.295663
13.175633
13.056686
12.938814
12.822005
12.706251
12.591542
12.477869
12.365222
12.253592
12.142969
12.033345
11.924711
11.817058
11.710377
11.604658
11.499894
11.396076
11.293195
11.191243
11.090211
10.990092
10.890876
10.792556
10.695124
10.598571
10.502890
10.408072
10.314111
10.220998
10.128725
10.037286
9.946672
9.856876
9.767890
9.679709
9.592323
9.505726
9.419911
9.334870
9.250597
9.167086
9.084328
9.002317
8.921046
8.840509
8.760700
8.681611
8.603235
8.525568
8.448601
8.372330
8.296746
8.221846
8.147621
8.074067
8.001176
7.928944
7.857364
7.786430
7.716136
7.646477
7.577447
7.509040
7.441250
7.374073
7.307502
7.241532
7.176157
7.111373
7.047173
6.983554
6.920508
6.858032
6.796119
6.734766
6.673967
6.613716
6.554009
6.494842
6.436208
6.378104
6.320524
6.263465
6.206920
6.150886
6.095357
6.040330
5.985800
5.931762
5.878212
5.825145
5.772558
5.720445
5.668802
5.617626
5.566912
5.516655
5.466853
5.417500
5.368592
5.320126
5.272098
5.224503
5.177338
5.130598
5.084281
5.038382
4.992897
4.947823
4.903155
4.858891
4.815027
4.771558
4.728482
4.685795
4.643493
4.601573
4.560031
4.518865
4.478070
4.437644
4.397582
4.357882
4.318541
4.279554
4.240920
4.202634
4.164694
4.127097
4.089839
4.052917
4.016329
3.980070
3.944140
3.908533
3.873248
3.838282
3.803631
3.769293
3.735266
3.701545
3.668129
3.635014
3.602198
3.569679
3.537453
3.505518
3.473872
3.442511
3.411433
3.380636
3.350116
3.319873
3.289902
3.260202
3.230770
3.201604
3.172701
3.144059
3.115675
3.087548
3.059675
3.032053
3.004681
2.977556
2.950675
2.924038
2.897641
2.871482
2.845559
2.819870
2.794414
2.769187
2.744187
2.719414
2.694864
2.670536
2.646427
2.622536
2.598861
2.575399
2.552150
2.529110
2.506278
2.483652
2.461231
2.439012
2.416993
2.395173
2.373551
2.352123
2.330889
2.309847
2.288994
2.268330
2.247853
2.227560
2.207450
2.187522
2.167774
2.148204
2.128811
2.109593
2.090548
2.071676
2.052973
2.034440
2.016074
1.997874
1.979838
1.961964
1.944252
1.926701
1.909307
1.892071
1.874990
1.858063
1.841289
1.824667
1.808194
1.791871
1.775694
1.759664
1.743779
1.728037
1.712436
1.696977
1.681658
1.666476
1.651432
1.636524
1.621750
1.607109
1.592601
1.578224
1.563976
1.549857
1.535866
1.522000
1.508260
1.494644
1.481151
1.467780
1.454530
1.441399
1.428386
1.415492
1.402713
1.390050
1.377501
1.365066
1.352743
1.340531
1.328429
1.316436
1.304552
1.292775
1.281104
1.269539
1.258078
1.246721
1.235466
1.224313
1.213260
1.202307
1.191454
1.180698
1.170039
1.159476
1.149009
1.138636
1.128357
1.118171
1.108076
1.098073
1.088160
1.078337
1.068602
1.058955
1.049395
1.039922
1.030534
1.021231
1.012012
1.002876
0.993822
0.984850
0.975959
0.967149
0.958418
0.949766
0.941192
0.932695
0.924275
0.915931
0.907663
0.899469
0.891349
0.883302
0.875328
0.867426
0.859595
0.851835
0.844145
0.836525
0.828973
0.821489
0.814073
0.806724
0.799441
0.792224
0.785073
0.777985
0.770962
0.764002
0.757105
0.750270
0.743497
0.736785
0.730134
0.723543
0.717011
0.710538
0.704124
0.697767
0.691468
0.685226
0.679040
0.672910
0.666835
0.660815
0.654850
0.648938
0.643080
0.637274
0.631521
0.625820
0.620171
0.614572
0.609024
0.603526
0.598078
0.592678
0.587328
0.582026
0.576772
0.571565
0.566405
0.561292
0.556225
0.551203
0.546227
0.541296
0.536410
0.531567
0.526769
0.522013
0.517301
0.512631
0.508003
0.503417
0.498872
0.494369
0.489906
0.485483
0.481101
0.476758
0.472454
0.468189
0.463962
0.459774
0.455623
0.451510
0.447434
0.443395
0.439392
0.435425
0.431494
0.427599
0.423739
0.419914
0.416123
0.412366
0.408644
0.404955
0.401299
0.397676
0.394086
0.390529
0.387003
0.383510
0.380047
0.376617
0.373217
0.369847
0.366509
0.363200
0.359921
0.356672
0.353452
0.350261
0.347099
0.343966
0.340861
0.337784
0.334734
0.331713
0.328718
0.325751
0.322810
0.319896
0.317008
0.314146
0.311310
0.308500
0.305715
0.302955
0.300220
0.297510
0.294824
0.292163
0.289525
0.286911
0.284321
0.281755
0.279211
0.276691
0.274193
0.271718
0.269265
0.266834
0.264425
0.262038
0.259672
0.257328
0.255005
0.252703
0.250422
0.248161
0.245921
0.243701
0.241501
0.239321
0.237160
0.235019
0.232898
0.230795
0.228712
0.226647
0.224601
0.222573
0.220564
0.218573
0.216600
0.214645
0.212707
0.210787
0.208884
0.206998
0.205129
0.203278
0.201443
0.199624
0.197822
0.196036
0.194266
0.192513
0.190775
0.189053
0.187346
0.185655
0.183979
0.182318
0.180672
0.179041
0.177425
0.175823
0.174236
0.172663
0.171104
0.169560
0.168029
0.166512
0.165009
0.163519
0.162043
0.160580
0.159131
0.157694
0.156271
0.154860
0.153462
0.152077
0.150704
0.149343
0.147995
0.146659
0.145335
0.144023
0.142723
0.141434
0.140158
0.138892
0.137639
0.136396
0.135165
0.133945
0.132735
0.131537
0.130350
0.129173
0.128007
0.126851
0.125706
0.124571
0.123447
0.122332
0.121228
0.120134
0.119049
0.117975
0.116910
0.115854
0.114808
0.113772
0.112745
0.111727
0.110718
0.109719
0.108728
0.107747
0.106774
0.105810
0.104855
0.103909
0.102971
0.102041
0.101120
0.100207
0.099302
0.098406
0.097518
0.096637
0.095765
0.094900
0.094044
0.093195
0.092353
0.091520
0.090694
0.089875
0.089063
0.088259
0.087463
0.086673
0.085891
0.085115
0.084347
0.083586
0.082831
0.082083
0.081342
0.080608
0.079880
0.079159
0.078445
0.077736
0.077035
0.076339
0.075650
0.074967
0.074290
0.073620
0.072955
0.072297
0.071644
0.070997
0.070356
0.069721
0.069092
0.068468
0.067850
0.067237
0.066630
0.066029
0.065433
0.064842
0.064257
0.063677
0.063102
0.062532
0.061968
0.061408
0.060854
0.060305
0.059760
0.059221
0.058686
0.058156
0.057631
0.057111
0.056596
0.056085
0.055578
0.055077
0.054580
0.054087
0.053599
0.053115
0.052635
0.052160
0.051689
0.051223
0.050760
0.050302
0.049848
0.049398
0.048952
0.048510
0.048072
0.047638
0.047208
0.046782
0.046360
0.045941
0.045526
0.045115
0.044708
0.044305
0.043905
0.043508
0.043116
0.042726
0.042341
0.041958
0.041580
0.041204
0.040832
0.040464
0.040098
0.039736
0.039378
0.039022
0.038670
0.038321
0.037975
0.037632
0.037292
0.036956
0.036622
0.036292
0.035964
0.035639
0.035318
0.034999
0.034683
0.034370
0.034059
0.033752
0.033447
0.033145
0.032846
0.032550
0.032256
0.031965
0.031676
0.031390
0.031107
0.030826
0.030548
0.030272
0.029999
0.029728
0.029459
0.029194
0.028930
0.028669
0.028410
0.028154
0.027899
0.027648
0.027398
0.027151
0.026906
0.026663
0.026422
0.026183
0.025947
0.025713
0.025481
0.025251
0.025023
0.024797
0.024573
0.024351
0.024131
0.023914
0.023698
0.023484
0.023272
0.023062
0.022853
0.022647
0.022443
0.022240
0.022039
0.021840
0.021643
0.021448
0.021254
0.021062
0.020872
0.020684
0.020497
0.020312
0.020129
0.019947
0.019767
0.019589
0.019412
0.019236
0.019063
0.018891
0.018720
0.018551
0.018384
0.018218
0.018053
0.017890
0.017729
0.017569
0.017410
0.017253
0.017097
0.016943
0.016790
0.016638
0.016488
0.016339
0.016192
0.016046
0.015901
0.015757
0.015615
0.015474
0.015334
0.015196
0.015059
0.014923
0.014788
0.014655
0.014522
0.014391
0.014261
0.014133
0.014005
0.013879
0.013753
0.013629
0.013506
0.013384
0.013263
0.013144
0.013025
0.012907
0.012791
0.012675
0.012561
0.012448
0.012335
0.012224
0.012114
0.012004
0.011896
0.011788
0.011682
0.011577
0.011472
0.011369
0.011266
0.011164
0.011063
0.010964
0.010865
0.010766
0.010669
0.010573
0.010478
0.010383
0.010289
0.010196
0.010104
0.010013
0.009923
0.009833
0.009744
0.009656
0.009569
0.009483
0.009397
0.009312
0.009228
0.009145
0.009062
0.008981
0.008900
0.008819
0.008740
0.008661
0.008583
0.008505
0.008428
0.008352
0.008277
0.008202
0.008128
0.008055
0.007982
0.007910
0.007838
0.007768
0.007698
0.007628
0.007559
0.007491
0.007423
0.007356
0.007290
0.007224
0.007159
0.007094
0.007030
0.006967
0.006904
0.006842
0.006780
0.006719
0.006658
0.006598
0.006538
0.006479
0.006421
0.006363
0.006305
0.006248
0.006192
0.006136
0.006081
0.006026
0.005971
0.005918
0.005864
0.005811
0.005759
0.005707
0.005655
0.005604
0.005554
0.005503
0.005454
0.005405
0.005356
0.005307
0.005259
0.005212
0.005165
0.005118
0.005072
0.005026
0.004981
0.004936
0.004891
0.004847
0.004803
0.004760
0.004717
0.004675
0.004632
0.004591
0.004549
0.004508
0.004467
0.004427
0.004387
0.004347
0.004308
0.004269
0.004231
0.004193
0.004155
0.004117
0.004080
0.004043
0.004007
0.003971
0.003935
0.003899
0.003864
0.003829
0.003794
0.003760
0.003726
0.003693
0.003659
0.003626
