15.377612
26.948053
29.525288
29.938958
29.833531
29.604954
29.348549
29.087252
28.826569
28.567811
28.311275
28.057020
27.805042
27.555326
27.307852
27.062601
26.819552
26.578686
26.339983
26.103425
25.868990
25.636661
25.406419
25.178245
24.952119
24.728025
24.505943
24.285856
24.067745
23.851594
23.637383
23.425097
23.214716
23.006226
22.799608
22.594845
22.391921
22.190820
21.991525
21.794020
21.598289
21.404315
21.212084
21.021579
20.832785
20.645687
20.460268
20.276516
20.094413
19.913946
19.735100
19.557859
19.382211
19.208140
19.035633
18.864675
18.695252
18.527351
18.360958
18.196059
18.032641
17.870690
17.710195
17.551140
17.393514
17.237304
17.082497
16.929080
16.777041
16.626367
16.477047
16.329067
16.182417
16.037083
15.893055
15.750321
15.608868
15.468686
15.329762
15.192087
15.055648
14.920434
14.786434
14.653638
14.522035
14.391613
14.262363
14.134274
14.007335
13.881536
13.756867
13.633318
13.510878
13.389537
13.269287
13.150117
13.032016
12.914977
12.798988
12.684042
12.570127
12.457236
12.345358
12.234486
12.124609
12.015719
11.907806
11.800863
11.694881
11.589850
11.485763
11.382610
11.280384
11.179075
11.078677
10.979180
10.880577
10.782860
10.686020
10.590050
10.494942
10.400687
10.307280
10.214711
10.122974
10.032060
9.941963
9.852675
9.764189
9.676498
9.589595
9.503471
9.418122
9.333538
9.249715
9.166644
9.084319
9.002734
8.921881
8.841755
8.762348
8.683654
8.605667
8.528381
8.451788
8.375884
8.300661
8.226113
8.152236
8.079021
8.006464
7.934559
7.863300
7.792681
7.722695
7.653339
7.584605
7.516489
7.448984
7.382085
7.315788
7.250085
7.184973
7.120446
7.056498
6.993125
6.930320
6.868080
6.806398
6.745271
6.684693
6.624658
6.565163
6.506202
6.447771
6.389864
6.332478
6.275606
6.219246
6.163392
6.108039
6.053184
5.998821
5.944946
5.891555
5.838644
5.786208
5.734243
5.682745
5.631709
5.581131
5.531008
5.481334
5.432107
5.383322
5.334976
5.287063
5.239581
5.192525
5.145891
5.099677
5.053877
5.008489
4.963509
4.918932
4.874756
4.830977
4.787590
4.744594
4.701983
4.659755
4.617907
4.576434
4.535334
4.494603
4.454237
4.414235
4.374591
4.335304
4.296369
4.257784
4.219545
4.181650
4.144096
4.106878
4.069995
4.033443
3.997219
3.961321
3.925745
3.890489
3.855549
3.820923
3.786608
3.752601
3.718899
3.685500
3.652402
3.619600
3.587093
3.554878
3.522952
3.491313
3.459958
3.428885
3.398091
3.367573
3.337330
3.307358
3.277655
3.248219
3.219047
3.190138
3.161487
3.133095
3.104957
3.077072
3.049437
3.022051
2.994910
2.968014
2.941359
2.914943
2.888764
2.862821
2.837110
2.811631
2.786380
2.761356
2.736557
2.711980
2.687625
2.663488
2.639567
2.615862
2.592369
2.569088
2.546015
2.523150
2.500490
2.478034
2.455779
2.433724
2.411867
2.390207
2.368741
2.347468
2.326386
2.305493
2.284788
2.264269
2.243934
2.223781
2.203810
2.184018
2.164404
2.144966
2.125702
2.106612
2.087693
2.068944
2.050363
2.031949
2.013701
1.995616
1.977694
1.959933
1.942331
1.924887
1.907600
1.890468
1.873491
1.856665
1.839991
1.823466
1.807090
1.790861
1.774778
1.758839
1.743043
1.727389
1.711876
1.696502
1.681266
1.666167
1.651204
1.636375
1.621679
1.607115
1.592682
1.578378
1.564203
1.550155
1.536234
1.522437
1.508765
1.495215
1.481787
1.468479
1.455291
1.442221
1.429269
1.416433
1.403713
1.391106
1.378613
1.366232
1.353962
1.341803
1.329752
1.317810
1.305975
1.294246
1.282623
1.271104
1.259689
1.248376
1.237165
1.226054
1.215043
1.204131
1.193317
1.182600
1.171979
1.161454
1.151024
1.140686
1.130442
1.120290
1.110229
1.100258
1.090377
1.080585
1.070880
1.061263
1.051732
1.042287
1.032926
1.023650
1.014457
1.005346
0.996317
0.987370
0.978503
0.969715
0.961006
0.952376
0.943823
0.935346
0.926946
0.918622
0.910372
0.902196
0.894094
0.886064
0.878106
0.870220
0.862405
0.854660
0.846985
0.839378
0.831840
0.824370
0.816966
0.809629
0.802358
0.795152
0.788011
0.780934
0.773921
0.766971
0.760083
0.753257
0.746492
0.739788
0.733144
0.726560
0.720035
0.713568
0.707160
0.700809
0.694516
0.688278
0.682097
0.675971
0.669901
0.663885
0.657922
0.652014
0.646158
0.640355
0.634604
0.628905
0.623257
0.617660
0.612113
0.606616
0.601168
0.595769
0.590419
0.585116
0.579862
0.574654
0.569493
0.564379
0.559310
0.554287
0.549309
0.544376
0.539487
0.534642
0.529841
0.525083
0.520367
0.515694
0.511062
0.506473
0.501924
0.497417
0.492950
0.488523
0.484135
0.479787
0.475479
0.471208
0.466977
0.462783
0.458627
0.454508
0.450426
0.446381
0.442372
0.438400
0.434462
0.430561
0.426694
0.422862
0.419064
0.415301
0.411571
0.407875
0.404212
0.400582
0.396984
0.393419
0.389886
0.386385
0.382915
0.379476
0.376068
0.372691
0.369344
0.366027
0.362739
0.359482
0.356253
0.353054
0.349883
0.346741
0.343627
0.340541
0.337483
0.334452
0.331449
0.328472
0.325522
0.322599
0.319702
0.316830
0.313985
0.311165
0.308371
0.305601
0.302857
0.300137
0.297442
0.294770
0.292123
0.289500
0.286900
0.284323
0.281770
0.279239
0.276732
0.274247
0.271784
0.269343
0.266924
0.264527
0.262151
0.259797
0.257464
0.255152
0.252860
0.250589
0.248339
0.246109
0.243898
0.241708
0.239537
0.237386
0.235254
0.233142
0.231048
0.228973
0.226917
0.224879
0.222859
0.220858
0.218874
0.216909
0.214961
0.213030
0.211117
0.209221
0.207342
0.205480
0.203635
0.201806
0.199994
0.198198
0.196418
0.194654
0.192906
0.191173
0.189456
0.187755
0.186069
0.184398
0.182742
0.181101
0.179474
0.177862
0.176265
0.174682
0.173113
0.171559
0.170018
0.168491
0.166978
0.165478
0.163992
0.162520
0.161060
0.159614
0.158180
0.156760
0.155352
0.153957
0.152574
0.151204
0.149846
0.148500
0.147167
0.145845
0.144535
0.143237
0.141951
0.140676
0.139413
0.138161
0.136920
0.135690
0.134472
0.133264
0.132067
0.130881
0.129706
0.128541
0.127387
0.126243
0.125109
0.123985
0.122872
0.121769
0.120675
0.119591
0.118517
0.117453
0.116398
0.115353
0.114317
0.113290
0.112273
0.111265
0.110265
0.109275
0.108294
0.107321
0.106357
0.105402
0.104456
0.103518
0.102588
0.101667
0.100754
0.099849
0.098952
0.098063
0.097183
0.096310
0.095445
0.094588
0.093739
0.092897
0.092062
0.091236
0.090416
0.089604
0.088800
0.088002
0.087212
0.086429
0.085652
0.084883
0.084121
0.083366
0.082617
0.081875
0.081140
0.080411
0.079689
0.078973
0.078264
0.077561
0.076865
0.076174
0.075490
0.074812
0.074140
0.073475
0.072815
0.072161
0.071513
0.070871
0.070234
0.069603
0.068978
0.068359
0.067745
0.067137
0.066534
0.065936
0.065344
0.064757
0.064176
0.063599
0.063028
0.062462
0.061901
0.061345
0.060794
0.060248
0.059707
0.059171
0.058640
0.058113
0.057591
0.057074
0.056561
0.056054
0.055550
0.055051
0.054557
0.054067
0.053581
0.053100
0.052623
0.052151
0.051682
0.051218
0.050758
0.050302
0.049851
0.049403
0.048959
0.048520
0.048084
0.047652
0.047224
0.046800
0.046380
0.045963
0.045551
0.045141
0.044736
0.044334
0.043936
0.043542
0.043151
0.042763
0.042379
0.041998
0.041621
0.041247
0.040877
0.040510
0.040146
0.039786
0.039428
0.039074
0.038723
0.038376
0.038031
0.037689
0.037351
0.037016
0.036683
0.036354
0.036027
0.035704
0.035383
0.035065
0.034750
0.034438
0.034129
0.033823
0.033519
0.033218
0.032919
0.032624
0.032331
0.032041
0.031753
0.031468
0.031185
0.030905
0.030627
0.030352
0.030080
0.029810
0.029542
0.029277
0.029014
0.028753
0.028495
0.028239
0.027985
0.027734
0.027485
0.027238
0.026994
0.026751
0.026511
0.026273
0.026037
0.025803
0.025571
0.025342
0.025114
0.024889
0.024665
0.024444
0.024224
0.024007
0.023791
0.023577
0.023366
0.023156
0.022948
0.022742
0.022538
0.022335
0.022135
0.021936
0.021739
0.021544
0.021350
0.021158
0.020968
0.020780
0.020593
0.020408
0.020225
0.020044
0.019864
0.019685
0.019508
0.019333
0.019160
0.018988
0.018817
0.018648
0.018481
0.018315
0.018150
0.017987
0.017826
0.017665
0.017507
0.017350
0.017194
0.017039
0.016886
0.016735
0.016584
0.016436
0.016288
0.016142
0.015997
0.015853
0.015711
0.015570
0.015430
0.015291
0.015154
0.015018
0.014883
0.014749
0.014617
0.014486
0.014355
0.014227
0.014099
0.013972
0.013847
0.013722
0.013599
0.013477
0.013356
0.013236
0.013117
0.012999
0.012883
0.012767
0.012652
0.012539
0.012426
0.012314
0.012204
0.012094
0.011986
0.011878
0.011771
0.011666
0.011561
0.011457
0.011354
0.011252
0.011151
0.011051
0.010952
0.010853
0.010756
0.010659
0.010564
0.010469
0.010375
0.010282
0.010189
0.010098
0.010007
0.009917
0.009828
0.009740
0.009652
0.009566
0.009480
0.009395
0.009310
0.009227
0.009144
0.009062
0.008980
0.008900
0.008820
0.008741
0.008662
0.008584
0.008507
0.008431
0.008355
0.008280
0.008206
0.008132
0.008059
0.007987
0.007915
0.007844
0.007773
0.007704
0.007634
0.007566
0.007498
0.007430
0.007364
0.007298
0.007232
0.007167
0.007103
0.007039
0.006976
0.006913
0.006851
0.006790
0.006729
0.006668
0.006608
0.006549
0.006490
0.006432
0.006374
0.006317
0.006260
0.006204
0.006148
0.006093
0.006038
0.005984
0.005930
0.005877
0.005824
0.005772
0.005720
0.005669
0.005618
0.005567
0.005517
0.005468
0.005419
0.005370
0.005322
0.005274
0.005227
0.005180
0.005133
0.005087
0.005041
0.004996
0.004951
0.004907
0.004863
0.004819
0.004776
0.004733
0.004690
0.004648
0.004606
0.004565
0.004524
0.004483
0.004443
0.004403
0.004364
0.004325
0.004286
0.004247
0.004209
0.004171
0.004134
0.004097
0.004060
0.004023
0.003987
0.003951
0.003916
0.003881
0.003846
0.003811
0.003777
