15.280803
26.825032
29.362357
29.760217
29.651273
29.423658
29.169633
28.911115
28.653299
28.397405
28.143706
27.892252
27.643040
27.396053
27.151273
26.908680
26.668255
26.429977
26.193829
25.959790
25.727843
25.497968
25.270147
25.044362
24.820594
24.598825
24.379038
24.161215
23.945338
23.731390
23.519353
23.309211
23.100946
22.894543
22.689983
22.487251
22.286331
22.087206
21.889860
21.694277
21.500442
21.308339
21.117952
20.929266
20.742266
20.556937
20.373264
20.191232
20.010827
19.832033
19.654837
19.479224
19.305180
19.132691
18.961743
18.792323
18.624417
18.458011
18.293091
18.129645
17.967660
17.807122
17.648018
17.490336
17.334062
17.179185
17.025692
16.873570
16.722808
16.573392
16.425312
16.278554
16.133108
15.988962
15.846103
15.704521
15.564204
15.425140
15.287319
15.150730
15.015360
14.881201
14.748240
14.616467
14.485871
14.356443
14.228170
14.101044
13.975054
13.850189
13.726440
13.603797
13.482250
13.361788
13.242403
13.124085
13.006823
12.890610
12.775435
12.661288
12.548162
12.436047
12.324933
12.214812
12.105675
11.997513
11.890318
11.784080
11.678791
11.574444
11.471028
11.368537
11.266961
11.166293
11.066524
10.967647
10.869653
10.772535
10.676285
10.580894
10.486356
10.392663
10.299806
10.207780
10.116575
10.026186
9.936604
9.847822
9.759834
9.672632
9.586209
9.500558
9.415672
9.331545
9.248170
9.165540
9.083647
9.002487
8.922052
8.842335
8.763331
8.685032
8.607433
8.530528
8.454309
8.378772
8.303909
8.229716
8.156185
8.083311
8.011089
7.939511
7.868574
7.798270
7.728594
7.659541
7.591104
7.523279
7.456061
7.389442
7.323419
7.257986
7.193138
7.128869
7.065174
7.002048
6.939487
6.877484
6.816035
6.755136
6.694780
6.634964
6.575682
6.516930
6.458702
6.400995
6.343804
6.287124
6.230950
6.175278
6.120103
6.065421
6.011228
5.957519
5.904290
5.851537
5.799255
5.747440
5.696088
5.645195
5.594757
5.544769
5.495228
5.446129
5.397469
5.349244
5.301450
5.254083
5.207139
5.160615
5.114506
5.068809
5.023521
4.978637
4.934154
4.890068
4.846377
4.803076
4.760162
4.717631
4.675480
4.633706
4.592305
4.551274
4.510609
4.470308
4.430367
4.390783
4.351553
4.312673
4.274140
4.235952
4.198105
4.160596
4.123422
4.086580
4.050068
4.013881
3.978019
3.942476
3.907251
3.872341
3.837743
3.803453
3.769471
3.735791
3.702413
3.669333
3.636549
3.604057
3.571856
3.539942
3.508314
3.476968
3.445902
3.415114
3.384601
3.354361
3.324390
3.294688
3.265251
3.236077
3.207163
3.178508
3.150109
3.121964
3.094070
3.066425
3.039028
3.011875
2.984965
2.958295
2.931864
2.905668
2.879707
2.853978
2.828478
2.803207
2.778161
2.753339
2.728738
2.704358
2.680195
2.656249
2.632516
2.608995
2.585684
2.562582
2.539686
2.516995
2.494506
2.472219
2.450130
2.428239
2.406544
2.385042
2.363732
2.342613
2.321682
2.300939
2.280381
2.260006
2.239814
2.219802
2.199969
2.180313
2.160832
2.141526
2.122392
2.103429
2.084636
2.066010
2.047551
2.029257
2.011126
1.993157
1.975349
1.957700
1.940208
1.922873
1.905693
1.888666
1.871792
1.855068
1.838493
1.822067
1.805788
1.789653
1.773663
1.757816
1.742111
1.726546
1.711120
1.695831
1.680680
1.665663
1.650781
1.636032
1.621415
1.606928
1.592570
1.578341
1.564239
1.550263
1.536412
1.522685
1.509080
1.495597
1.482235
1.468991
1.455866
1.442859
1.429967
1.417191
1.404529
1.391980
1.379543
1.367217
1.355002
1.342895
1.330897
1.319006
1.307221
1.295542
1.283966
1.272495
1.261125
1.249858
1.238691
1.227623
1.216655
1.205785
1.195011
1.184334
1.173753
1.163266
1.152872
1.142572
1.132363
1.122246
1.112219
1.102282
1.092433
1.082673
1.073000
1.063413
1.053912
1.044495
1.035163
1.025914
1.016748
1.007664
0.998661
0.989738
0.980895
0.972131
0.963446
0.954838
0.946307
0.937852
0.929472
0.921168
0.912938
0.904781
0.896697
0.888685
0.880745
0.872876
0.865077
0.857348
0.849688
0.842096
0.834573
0.827116
0.819726
0.812402
0.805144
0.797950
0.790821
0.783755
0.776752
0.769812
0.762934
0.756118
0.749362
0.742667
0.736032
0.729455
0.722938
0.716479
0.710077
0.703733
0.697446
0.691214
0.685039
0.678918
0.672852
0.666840
0.660883
0.654978
0.649126
0.643326
0.637578
0.631882
0.626236
0.620641
0.615096
0.609600
0.604154
0.598756
0.593406
0.588104
0.582850
0.577642
0.572481
0.567366
0.562297
0.557273
0.552294
0.547360
0.542469
0.537623
0.532819
0.528059
0.523341
0.518665
0.514031
0.509438
0.504887
0.500376
0.495905
0.491474
0.487083
0.482731
0.478418
0.474144
0.469908
0.465709
0.461548
0.457425
0.453338
0.449287
0.445273
0.441295
0.437352
0.433444
0.429572
0.425734
0.421930
0.418160
0.414424
0.410721
0.407052
0.403415
0.399811
0.396239
0.392698
0.389190
0.385713
0.382266
0.378851
0.375466
0.372111
0.368787
0.365492
0.362226
0.358990
0.355783
0.352604
0.349454
0.346331
0.343237
0.340170
0.337131
0.334119
0.331134
0.328175
0.325243
0.322337
0.319457
0.316603
0.313774
0.310971
0.308193
0.305439
0.302710
0.300005
0.297325
0.294669
0.292036
0.289427
0.286841
0.284278
0.281738
0.279221
0.276726
0.274254
0.271803
0.269375
0.266968
0.264583
0.262219
0.259876
0.257554
0.255253
0.252973
0.250713
0.248473
0.246253
0.244052
0.241872
0.239711
0.237569
0.235447
0.233343
0.231258
0.229192
0.227144
0.225115
0.223104
0.221110
0.219135
0.217177
0.215237
0.213314
0.211408
0.209519
0.207647
0.205792
0.203953
0.202131
0.200325
0.198535
0.196761
0.195003
0.193261
0.191534
0.189823
0.188127
0.186446
0.184780
0.183130
0.181493
0.179872
0.178265
0.176672
0.175094
0.173529
0.171979
0.170442
0.168919
0.167410
0.165915
0.164432
0.162963
0.161507
0.160064
0.158634
0.157217
0.155812
0.154420
0.153040
0.151673
0.150318
0.148975
0.147644
0.146325
0.145017
0.143722
0.142438
0.141165
0.139904
0.138654
0.137415
0.136187
0.134970
0.133765
0.132569
0.131385
0.130211
0.129048
0.127895
0.126752
0.125620
0.124497
0.123385
0.122283
0.121190
0.120107
0.119034
0.117971
0.116917
0.115872
0.114837
0.113811
0.112794
0.111786
0.110788
0.109798
0.108817
0.107845
0.106881
0.105926
0.104980
0.104042
0.103112
0.102191
0.101278
0.100373
0.099476
0.098587
0.097707
0.096834
0.095969
0.095111
0.094261
0.093419
0.092585
0.091757
0.090938
0.090125
0.089320
0.088522
0.087731
0.086947
0.086170
0.085400
0.084637
0.083881
0.083132
0.082389
0.081653
0.080923
0.080200
0.079484
0.078774
0.078070
0.077372
0.076681
0.075996
0.075317
0.074644
0.073977
0.073316
0.072661
0.072012
0.071369
0.070731
0.070099
0.069473
0.068852
0.068237
0.067627
0.067023
0.066424
0.065831
0.065243
0.064660
0.064082
0.063509
0.062942
0.062380
0.061822
0.061270
0.060723
0.060180
0.059642
0.059110
0.058581
0.058058
0.057539
0.057025
0.056516
0.056011
0.055510
0.055014
0.054523
0.054036
0.053553
0.053075
0.052600
0.052130
0.051665
0.051203
0.050746
0.050292
0.049843
0.049398
0.048956
0.048519
0.048085
0.047656
0.047230
0.046808
0.046390
0.045975
0.045565
0.045157
0.044754
0.044354
0.043958
0.043565
0.043176
0.042790
0.042408
0.042029
0.041653
0.041281
0.040913
0.040547
0.040185
0.039826
0.039470
0.039117
0.038768
0.038421
0.038078
0.037738
0.037401
0.037067
0.036735
0.036407
0.036082
0.035760
0.035440
0.035123
0.034810
0.034499
0.034190
0.033885
0.033582
0.033282
0.032985
0.032690
0.032398
0.032109
0.031822
0.031537
0.031256
0.030976
0.030700
0.030425
0.030154
0.029884
0.029617
0.029353
0.029090
0.028830
0.028573
0.028317
0.028064
0.027814
0.027565
0.027319
0.027075
0.026833
0.026593
0.026356
0.026120
0.025887
0.025656
0.025426
0.025199
0.024974
0.024751
0.024530
0.024311
0.024093
0.023878
0.023665
0.023453
0.023244
0.023036
0.022830
0.022626
0.022424
0.022224
0.022025
0.021829
0.021634
0.021440
0.021249
0.021059
0.020871
0.020684
0.020499
0.020316
0.020135
0.019955
0.019777
0.019600
0.019425
0.019251
0.019079
0.018909
0.018740
0.018572
0.018406
0.018242
0.018079
0.017918
0.017757
0.017599
0.017442
0.017286
0.017131
0.016978
0.016827
0.016676
0.016527
0.016380
0.016233
0.016088
0.015944
0.015802
0.015661
0.015521
0.015382
0.015245
0.015109
0.014974
0.014840
0.014707
0.014576
0.014446
0.014317
0.014189
0.014062
0.013936
0.013812
0.013688
0.013566
0.013445
0.013325
0.013206
0.013088
0.012971
0.012855
0.012740
0.012626
0.012513
0.012402
0.012291
0.012181
0.012072
0.011964
0.011857
0.011751
0.011646
0.011542
0.011439
0.011337
0.011236
0.011135
0.011036
0.010937
0.010840
0.010743
0.010647
0.010552
0.010457
0.010364
0.010271
0.010180
0.010089
0.009998
0.009909
0.009821
0.009733
0.009646
0.009560
0.009474
0.009390
0.009306
0.009223
0.009140
0.009059
0.008978
0.008897
0.008818
0.008739
0.008661
0.008584
0.008507
0.008431
0.008356
0.008281
0.008207
0.008134
0.008061
0.007989
0.007918
0.007847
0.007777
0.007707
0.007638
0.007570
0.007503
0.007436
0.007369
0.007303
0.007238
0.007173
0.007109
0.007046
0.006983
0.006920
0.006859
0.006797
0.006737
0.006676
0.006617
0.006558
0.006499
0.006441
0.006383
0.006326
0.006270
0.006214
0.006158
0.006103
0.006049
0.005995
0.005941
0.005888
0.005835
0.005783
0.005732
0.005680
0.005630
0.005579
0.005530
0.005480
0.005431
0.005383
0.005335
0.005287
0.005240
0.005193
0.005146
0.005100
0.005055
0.005010
0.004965
0.004921
0.004877
0.004833
0.004790
0.004747
0.004705
0.004663
0.004621
0.004580
0.004539
0.004498
0.004458
0.004418
0.004379
0.004340
0.004301
0.004262
0.004224
0.004187
0.004149
0.004112
0.004075
0.004039
0.004003
0.003967
0.003932
