15.184970
26.702378
29.200377
29.582922
29.470682
29.244088
28.992430
28.736653
28.481657
28.228578
27.977666
27.728965
27.482471
27.238167
26.996034
26.756054
26.518207
26.282475
26.048838
25.817278
25.587776
25.360315
25.134875
24.911440
24.689991
24.470510
24.252980
24.037385
23.823705
23.611926
23.402029
23.193997
22.987815
22.783466
22.580934
22.380202
22.181254
21.984075
21.788649
21.594960
21.402993
21.212732
21.024162
20.837269
20.652038
20.468452
20.286499
20.106164
19.927431
19.750287
19.574718
19.400710
19.228249
19.057320
18.887911
18.720009
18.553598
18.388667
18.225202
18.063191
17.902619
17.743475
17.585746
17.429418
17.274481
17.120920
16.968725
16.817883
16.668381
16.520209
16.373354
16.227804
16.083548
15.940575
15.798872
15.658429
15.519235
15.381278
15.244547
15.109032
14.974722
14.841605
14.709672
14.578911
14.449313
14.320867
14.193563
14.067391
13.942340
13.818400
13.695563
13.573817
13.453154
13.333564
13.215036
13.097562
12.981133
12.865738
12.751369
12.638017
12.525672
12.414327
12.303971
12.194596
12.086193
11.978754
11.872270
11.766733
11.662133
11.558464
11.455716
11.353882
11.252952
11.152920
11.053778
10.955516
10.858128
10.761606
10.665942
10.571128
10.477157
10.384022
10.291714
10.200227
10.109553
10.019685
9.930616
9.842339
9.754847
9.668132
9.582188
9.497009
9.412586
9.328914
9.245986
9.163794
9.082334
9.001598
8.921579
8.842272
8.763669
8.685766
8.608555
8.532030
8.456185
8.381015
8.306513
8.232673
8.159490
8.086957
8.015069
7.943820
7.873205
7.803217
7.733851
7.665102
7.596964
7.529432
7.462500
7.396163
7.330416
7.265253
7.200670
7.136660
7.073220
7.010343
6.948026
6.886262
6.825048
6.764377
6.704246
6.644650
6.585583
6.527042
6.469020
6.411515
6.354521
6.298033
6.242048
6.186560
6.131565
6.077060
6.023039
5.969498
5.916433
5.863839
5.811714
5.760051
5.708848
5.658100
5.607803
5.557954
5.508547
5.459580
5.411048
5.362947
5.315274
5.268024
5.221195
5.174782
5.128782
5.083190
5.038004
4.993219
4.948833
4.904841
4.861240
4.818027
4.775198
4.732750
4.690679
4.648982
4.607655
4.566696
4.526101
4.485867
4.445991
4.406469
4.367299
4.328476
4.289999
4.251864
4.214067
4.176607
4.139480
4.102683
4.066213
4.030067
3.994242
3.958736
3.923546
3.888668
3.854100
3.819840
3.785884
3.752230
3.718876
3.685817
3.653053
3.620580
3.588395
3.556497
3.524882
3.493548
3.462493
3.431714
3.401208
3.370974
3.341008
3.311309
3.281874
3.252700
3.223786
3.195128
3.166726
3.138576
3.110676
3.083024
3.055619
3.028456
3.001535
2.974854
2.948409
2.922200
2.896224
2.870478
2.844962
2.819672
2.794607
2.769765
2.745144
2.720741
2.696556
2.672585
2.648828
2.625282
2.601945
2.578815
2.555892
2.533171
2.510653
2.488335
2.466216
2.444293
2.422565
2.401030
2.379687
2.358533
2.337567
2.316788
2.296193
2.275782
2.255552
2.235502
2.215629
2.195934
2.176414
2.157067
2.137892
2.118888
2.100053
2.081385
2.062883
2.044545
2.026371
2.008358
1.990505
1.972811
1.955274
1.937893
1.920666
1.903593
1.886671
1.869900
1.853278
1.836804
1.820476
1.804293
1.788255
1.772358
1.756603
1.740988
1.725512
1.710174
1.694972
1.679905
1.664971
1.650171
1.635502
1.620964
1.606555
1.592274
1.578119
1.564091
1.550188
1.536407
1.522750
1.509214
1.495798
1.482502
1.469323
1.456262
1.443317
1.430487
1.417771
1.405168
1.392677
1.380297
1.368027
1.355867
1.343814
1.331869
1.320029
1.308295
1.296665
1.285139
1.273715
1.262393
1.251171
1.240049
1.229026
1.218101
1.207273
1.196541
1.185905
1.175363
1.164915
1.154560
1.144297
1.134125
1.124043
1.114051
1.104148
1.094333
1.084605
1.074964
1.065409
1.055938
1.046551
1.037248
1.028028
1.018890
1.009832
1.000856
0.991959
0.983141
0.974402
0.965740
0.957156
0.948647
0.940214
0.931857
0.923573
0.915363
0.907226
0.899162
0.891169
0.883247
0.875396
0.867614
0.859902
0.852258
0.844682
0.837174
0.829732
0.822356
0.815046
0.807801
0.800620
0.793503
0.786450
0.779459
0.772530
0.765663
0.758857
0.752111
0.745425
0.738799
0.732232
0.725723
0.719272
0.712878
0.706541
0.700260
0.694036
0.687866
0.681752
0.675691
0.669685
0.663732
0.657832
0.651985
0.646189
0.640445
0.634752
0.629109
0.623517
0.617974
0.612481
0.607037
0.601641
0.596293
0.590992
0.585739
0.580532
0.575371
0.570257
0.565188
0.560164
0.555184
0.550249
0.545358
0.540510
0.535705
0.530943
0.526224
0.521546
0.516910
0.512315
0.507761
0.503247
0.498774
0.494340
0.489946
0.485591
0.481274
0.476996
0.472756
0.468554
0.464389
0.460260
0.456169
0.452114
0.448095
0.444112
0.440164
0.436252
0.432374
0.428530
0.424721
0.420946
0.417204
0.413495
0.409819
0.406177
0.402566
0.398987
0.395441
0.391926
0.388442
0.384989
0.381567
0.378175
0.374813
0.371481
0.368179
0.364906
0.361663
0.358448
0.355262
0.352104
0.348974
0.345872
0.342797
0.339750
0.336730
0.333737
0.330770
0.327830
0.324916
0.322027
0.319165
0.316328
0.313516
0.310729
0.307967
0.305229
0.302516
0.299827
0.297162
0.294520
0.291902
0.289307
0.286736
0.284187
0.281661
0.279157
0.276676
0.274216
0.271779
0.269363
0.266968
0.264595
0.262243
0.259912
0.257602
0.255312
0.253042
0.250793
0.248564
0.246354
0.244164
0.241994
0.239843
0.237711
0.235598
0.233503
0.231428
0.229371
0.227332
0.225311
0.223308
0.221323
0.219356
0.217406
0.215473
0.213558
0.211660
0.209778
0.207913
0.206065
0.204233
0.202418
0.200619
0.198835
0.197068
0.195316
0.193580
0.191859
0.190154
0.188463
0.186788
0.185128
0.183482
0.181851
0.180235
0.178633
0.177045
0.175471
0.173911
0.172365
0.170833
0.169314
0.167809
0.166318
0.164839
0.163374
0.161922
0.160482
0.159056
0.157642
0.156241
0.154852
0.153475
0.152111
0.150759
0.149419
0.148091
0.146774
0.145470
0.144177
0.142895
0.141625
0.140366
0.139118
0.137881
0.136656
0.135441
0.134237
0.133044
0.131861
0.130689
0.129527
0.128376
0.127235
0.126104
0.124983
0.123872
0.122771
0.121680
0.120598
0.119526
0.118463
0.117410
0.116367
0.115332
0.114307
0.113291
0.112284
0.111286
0.110297
0.109316
0.108345
0.107381
0.106427
0.105481
0.104543
0.103614
0.102693
0.101780
0.100875
0.099979
0.099090
0.098209
0.097336
0.096471
0.095613
0.094763
0.093921
0.093086
0.092259
0.091439
0.090626
0.089820
0.089022
0.088231
0.087446
0.086669
0.085899
0.085135
0.084378
0.083628
0.082885
0.082148
0.081418
0.080694
0.079977
0.079266
0.078561
0.077863
0.077171
0.076485
0.075805
0.075131
0.074463
0.073801
0.073145
0.072495
0.071851
0.071212
0.070579
0.069952
0.069330
0.068714
0.068103
0.067497
0.066897
0.066303
0.065713
0.065129
0.064550
0.063977
0.063408
0.062844
0.062286
0.061732
0.061183
0.060639
0.060100
0.059566
0.059037
0.058512
0.057992
0.057476
0.056965
0.056459
0.055957
0.055460
0.054967
0.054478
0.053994
0.053514
0.053038
0.052567
0.052100
0.051636
0.051177
0.050722
0.050272
0.049825
0.049382
0.048943
0.048508
0.048077
0.047649
0.047226
0.046806
0.046390
0.045978
0.045569
0.045164
0.044762
0.044364
0.043970
0.043579
0.043192
0.042808
0.042427
0.042050
0.041676
0.041306
0.040939
0.040575
0.040214
0.039857
0.039503
0.039151
0.038803
0.038458
0.038117
0.037778
0.037442
0.037109
0.036779
0.036452
0.036128
0.035807
0.035489
0.035173
0.034861
0.034551
0.034244
0.033939
0.033638
0.033339
0.033042
0.032749
0.032458
0.032169
0.031883
0.031600
0.031319
0.031040
0.030764
0.030491
0.030220
0.029951
0.029685
0.029421
0.029160
0.028900
0.028644
0.028389
0.028137
0.027887
0.027639
0.027393
0.027149
0.026908
0.026669
0.026432
0.026197
0.025964
0.025733
0.025505
0.025278
0.025053
0.024830
0.024610
0.024391
0.024174
0.023959
0.023746
0.023535
0.023326
0.023119
0.022913
0.022709
0.022508
0.022308
0.022109
0.021913
0.021718
0.021525
0.021334
0.021144
0.020956
0.020770
0.020585
0.020402
0.020221
0.020041
0.019863
0.019686
0.019511
0.019338
0.019166
0.018996
0.018827
0.018659
0.018494
0.018329
0.018166
0.018005
0.017845
0.017686
0.017529
0.017373
0.017219
0.017066
0.016914
0.016764
0.016615
0.016467
0.016320
0.016175
0.016032
0.015889
0.015748
0.015608
0.015469
0.015332
0.015195
0.015060
0.014926
0.014794
0.014662
0.014532
0.014403
0.014275
0.014148
0.014022
0.013897
0.013774
0.013651
0.013530
0.013410
0.013291
0.013172
0.013055
0.012939
0.012824
0.012710
0.012597
0.012485
0.012374
0.012264
0.012155
0.012047
0.011940
0.011834
0.011729
0.011625
0.011521
0.011419
0.011317
0.011217
0.011117
0.011018
0.010920
0.010823
0.010727
0.010632
0.010537
0.010444
0.010351
0.010259
0.010168
0.010077
0.009988
0.009899
0.009811
0.009724
0.009637
0.009551
0.009467
0.009382
0.009299
0.009216
0.009134
0.009053
0.008973
0.008893
0.008814
0.008736
0.008658
0.008581
0.008505
0.008429
0.008354
0.008280
0.008206
0.008133
0.008061
0.007989
0.007918
0.007848
0.007778
0.007709
0.007641
0.007573
0.007505
0.007439
0.007373
0.007307
0.007242
0.007178
0.007114
0.007051
0.006988
0.006926
0.006864
0.006803
0.006743
0.006683
0.006623
0.006565
0.006506
0.006448
0.006391
0.006334
0.006278
0.006222
0.006167
0.006112
0.006058
0.006004
0.005950
0.005898
0.005845
0.005793
0.005742
0.005691
0.005640
0.005590
0.005540
0.005491
0.005442
0.005394
0.005346
0.005298
0.005251
0.005204
0.005158
0.005112
0.005067
0.005022
0.004977
0.004933
0.004889
0.004846
0.004803
0.004760
0.004718
0.004676
0.004634
0.004593
0.004552
0.004512
0.004471
0.004432
0.004392
0.004353
0.004315
0.004276
0.004238
0.004201
0.004163
0.004126
0.004090
