15.090101
26.580109
29.039363
29.407074
29.291749
29.066230
28.816925
28.563850
28.311628
28.061316
27.813143
27.567148
27.323325
27.081658
26.842127
26.604716
26.369404
26.136173
25.905006
25.675883
25.448786
25.223698
25.000601
24.779478
24.560310
24.343080
24.127772
23.914368
23.702852
23.493207
23.285416
23.079462
22.875331
22.673005
22.472468
22.273705
22.076700
21.881438
21.687902
21.496079
21.305952
21.117507
20.930728
20.745601
20.562112
20.380246
20.199989
20.021325
19.844242
19.668725
19.494761
19.322335
19.151435
18.982046
18.814155
18.647749
18.482815
18.319340
18.157310
17.996714
17.837538
17.679770
17.523398
17.368409
17.214790
17.062530
16.911617
16.762039
16.613783
16.466839
16.321195
16.176839
16.033759
15.891945
15.751386
15.612069
15.473985
15.337122
15.201470
15.067018
14.933754
14.801670
14.670753
14.540995
14.412384
14.284911
14.158565
14.033337
13.909217
13.786194
13.664259
13.543403
13.423616
13.304888
13.187210
13.070573
12.954968
12.840386
12.726816
12.614252
12.502682
12.392100
12.282496
12.173861
12.066187
11.959465
11.853688
11.748845
11.644931
11.541935
11.439850
11.338668
11.238381
11.138981
11.040461
10.942811
10.846026
10.750096
10.655015
10.560775
10.467368
10.374788
10.283026
10.192076
10.101930
10.012582
9.924024
9.836249
9.749251
9.663022
9.577556
9.492845
9.408884
9.325666
9.243184
9.161431
9.080401
9.000088
8.920485
8.841586
8.763385
8.685876
8.609052
8.532908
8.457438
8.382634
8.308493
8.235007
8.162171
8.089980
8.018427
7.947506
7.877213
7.807542
7.738487
7.670043
7.602204
7.534965
7.468321
7.402266
7.336796
7.271904
7.207587
7.143838
7.080653
7.018028
6.955956
6.894433
6.833454
6.773014
6.713109
6.653734
6.594884
6.536555
6.478741
6.421439
6.364644
6.308351
6.252556
6.197254
6.142442
6.088114
6.034267
5.980896
5.927997
5.875566
5.823599
5.772091
5.721039
5.670439
5.620286
5.570576
5.521307
5.472473
5.424071
5.376097
5.328547
5.281418
5.234706
5.188407
5.142518
5.097034
5.051953
5.007270
4.962982
4.919087
4.875579
4.832457
4.789715
4.747352
4.705364
4.663746
4.622497
4.581613
4.541090
4.500926
4.461117
4.421660
4.382553
4.343791
4.305371
4.267292
4.229549
4.192141
4.155063
4.118313
4.081888
4.045785
4.010002
3.974535
3.939382
3.904540
3.870005
3.835777
3.801851
3.768225
3.734896
3.701863
3.669121
3.636669
3.604504
3.572624
3.541026
3.509707
3.478665
3.447897
3.417402
3.387176
3.357218
3.327525
3.298094
3.268924
3.240012
3.211355
3.182952
3.154800
3.126897
3.099241
3.071830
3.044660
3.017732
2.991041
2.964587
2.938366
2.912377
2.886619
2.861088
2.835782
2.810701
2.785842
2.761202
2.736780
2.712575
2.688583
2.664804
2.641235
2.617874
2.594720
2.571771
2.549025
2.526480
2.504134
2.481986
2.460034
2.438276
2.416710
2.395335
2.374150
2.353151
2.332339
2.311710
2.291264
2.270999
2.250913
2.231005
2.211272
2.191715
2.172330
2.153116
2.134073
2.115198
2.096490
2.077948
2.059569
2.041353
2.023298
2.005403
1.987666
1.970086
1.952661
1.935391
1.918273
1.901307
1.884491
1.867823
1.851303
1.834929
1.818700
1.802615
1.786671
1.770869
1.755206
1.739682
1.724296
1.709045
1.693929
1.678947
1.664098
1.649380
1.634792
1.620333
1.606001
1.591797
1.577718
1.563764
1.549933
1.536225
1.522638
1.509171
1.495823
1.482593
1.469480
1.456483
1.443601
1.430833
1.418178
1.405635
1.393203
1.380881
1.368667
1.356562
1.344564
1.332672
1.320885
1.309202
1.297623
1.286146
1.274771
1.263496
1.252321
1.241245
1.230267
1.219386
1.208601
1.197911
1.187316
1.176815
1.166407
1.156090
1.145865
1.135731
1.125686
1.115729
1.105861
1.096081
1.086386
1.076778
1.067254
1.057815
1.048459
1.039186
1.029995
1.020885
1.011856
1.002906
0.994036
0.985244
0.976530
0.967893
0.959333
0.950848
0.942438
0.934103
0.925841
0.917652
0.909536
0.901492
0.893519
0.885616
0.877783
0.870019
0.862325
0.854698
0.847138
0.839646
0.832220
0.824859
0.817564
0.810333
0.803166
0.796062
0.789021
0.782043
0.775126
0.768270
0.761475
0.754741
0.748065
0.741449
0.734891
0.728392
0.721949
0.715564
0.709235
0.702962
0.696745
0.690583
0.684475
0.678421
0.672421
0.666474
0.660579
0.654736
0.648946
0.643206
0.637517
0.631879
0.626290
0.620751
0.615261
0.609819
0.604425
0.599080
0.593781
0.588529
0.583324
0.578165
0.573051
0.567983
0.562959
0.557980
0.553045
0.548154
0.543306
0.538501
0.533738
0.529017
0.524338
0.519701
0.515104
0.510549
0.506033
0.501557
0.497121
0.492725
0.488367
0.484047
0.479766
0.475523
0.471317
0.467149
0.463017
0.458922
0.454863
0.450840
0.446852
0.442900
0.438983
0.435101
0.431252
0.427438
0.423658
0.419911
0.416197
0.412516
0.408867
0.405251
0.401667
0.398114
0.394593
0.391103
0.387644
0.384216
0.380817
0.377449
0.374111
0.370802
0.367523
0.364272
0.361050
0.357857
0.354692
0.351555
0.348446
0.345364
0.342309
0.339282
0.336281
0.333307
0.330359
0.327437
0.324541
0.321671
0.318826
0.316006
0.313211
0.310441
0.307695
0.304974
0.302276
0.299603
0.296953
0.294327
0.291724
0.289143
0.286586
0.284051
0.281539
0.279049
0.276581
0.274135
0.271710
0.269307
0.266925
0.264565
0.262225
0.259905
0.257607
0.255328
0.253070
0.250832
0.248613
0.246414
0.244235
0.242075
0.239934
0.237812
0.235709
0.233624
0.231558
0.229510
0.227480
0.225468
0.223474
0.221497
0.219538
0.217596
0.215672
0.213764
0.211874
0.210000
0.208143
0.206302
0.204477
0.202669
0.200876
0.199100
0.197339
0.195593
0.193863
0.192149
0.190449
0.188765
0.187095
0.185441
0.183801
0.182175
0.180564
0.178967
0.177384
0.175815
0.174260
0.172719
0.171191
0.169677
0.168176
0.166689
0.165215
0.163754
0.162305
0.160870
0.159447
0.158037
0.156639
0.155254
0.153881
0.152520
0.151171
0.149834
0.148508
0.147195
0.145893
0.144603
0.143324
0.142056
0.140800
0.139555
0.138320
0.137097
0.135884
0.134683
0.133491
0.132311
0.131141
0.129981
0.128831
0.127692
0.126562
0.125443
0.124333
0.123234
0.122144
0.121064
0.119993
0.118932
0.117880
0.116837
0.115804
0.114780
0.113764
0.112758
0.111761
0.110773
0.109793
0.108822
0.107859
0.106905
0.105960
0.105023
0.104094
0.103173
0.102261
0.101356
0.100460
0.099571
0.098691
0.097818
0.096953
0.096095
0.095245
0.094403
0.093568
0.092740
0.091920
0.091107
0.090301
0.089503
0.088711
0.087927
0.087149
0.086378
0.085614
0.084857
0.084107
0.083363
0.082625
0.081895
0.081170
0.080452
0.079741
0.079036
0.078337
0.077644
0.076957
0.076276
0.075602
0.074933
0.074270
0.073614
0.072962
0.072317
0.071678
0.071044
0.070415
0.069793
0.069175
0.068563
0.067957
0.067356
0.066760
0.066170
0.065585
0.065005
0.064430
0.063860
0.063295
0.062735
0.062180
0.061630
0.061085
0.060545
0.060010
0.059479
0.058953
0.058431
0.057915
0.057402
0.056895
0.056392
0.055893
0.055398
0.054908
0.054423
0.053942
0.053464
0.052992
0.052523
0.052058
0.051598
0.051142
0.050689
0.050241
0.049797
0.049356
0.048920
0.048487
0.048058
0.047633
0.047212
0.046794
0.046380
0.045970
0.045564
0.045161
0.044761
0.044365
0.043973
0.043584
0.043199
0.042817
0.042438
0.042063
0.041691
0.041322
0.040956
0.040594
0.040235
0.039879
0.039527
0.039177
0.038830
0.038487
0.038147
0.037809
0.037475
0.037143
0.036815
0.036489
0.036167
0.035847
0.035530
0.035215
0.034904
0.034595
0.034289
0.033986
0.033685
0.033388
0.033092
0.032800
0.032510
0.032222
0.031937
0.031655
0.031375
0.031097
0.030822
0.030549
0.030279
0.030011
0.029746
0.029483
0.029222
0.028964
0.028708
0.028454
0.028202
0.027953
0.027705
0.027460
0.027217
0.026977
0.026738
0.026502
0.026267
0.026035
0.025805
0.025577
0.025350
0.025126
0.024904
0.024684
0.024465
0.024249
0.024034
0.023822
0.023611
0.023402
0.023195
0.022990
0.022787
0.022585
0.022386
0.022188
0.021991
0.021797
0.021604
0.021413
0.021224
0.021036
0.020850
0.020666
0.020483
0.020302
0.020122
0.019944
0.019768
0.019593
0.019420
0.019248
0.019078
0.018909
0.018742
0.018576
0.018412
0.018249
0.018087
0.017927
0.017769
0.017612
0.017456
0.017302
0.017149
0.016997
0.016847
0.016698
0.016550
0.016403
0.016258
0.016115
0.015972
0.015831
0.015691
0.015552
0.015414
0.015278
0.015143
0.015009
0.014876
0.014745
0.014614
0.014485
0.014357
0.014230
0.014104
0.013979
0.013856
0.013733
0.013612
0.013491
0.013372
0.013254
0.013137
0.013020
0.012905
0.012791
0.012678
0.012566
0.012455
0.012345
0.012235
0.012127
0.012020
0.011914
0.011808
0.011704
0.011600
0.011498
0.011396
0.011295
0.011195
0.011096
0.010998
0.010901
0.010804
0.010709
0.010614
0.010520
0.010427
0.010335
0.010244
0.010153
0.010063
0.009974
0.009886
0.009799
0.009712
0.009626
0.009541
0.009457
0.009373
0.009290
0.009208
0.009126
0.009046
0.008966
0.008886
0.008808
0.008730
0.008653
0.008576
0.008500
0.008425
0.008351
0.008277
0.008204
0.008131
0.008059
0.007988
0.007917
0.007847
0.007778
0.007709
0.007641
0.007573
0.007506
0.007440
0.007374
0.007309
0.007244
0.007180
0.007117
0.007054
0.006991
0.006929
0.006868
0.006807
0.006747
0.006687
0.006628
0.006570
0.006512
0.006454
0.006397
0.006340
0.006284
0.006229
0.006174
0.006119
0.006065
0.006011
0.005958
0.005905
0.005853
0.005801
0.005750
0.005699
0.005649
0.005599
0.005549
0.005500
0.005452
0.005403
0.005356
0.005308
0.005261
0.005215
0.005169
0.005123
0.005078
0.005033
0.004988
0.004944
0.004900
0.004857
0.004814
0.004771
0.004729
0.004687
0.004646
0.004605
0.004564
0.004524
0.004484
0.004444
0.004405
0.004366
0.004327
0.004289
0.004251
